  3.6968000e+003 -1.6357300e+003  1.5574200e+002
  3.9477800e+003 -1.4245400e+003  2.1669100e+002
  3.9691800e+003 -1.4322400e+003  1.9942500e+002
  3.9494200e+003 -1.4250800e+003  1.8009200e+002
  3.9501300e+003 -1.4253100e+003  1.6178700e+002
  3.9498300e+003 -1.4251700e+003  1.4344500e+002
  3.9130200e+003 -1.4118600e+003  1.2395500e+002
  3.9032200e+003 -1.4083000e+003  1.0554100e+002
  3.8905400e+003 -1.4037000e+003  8.7158400e+001
  3.4354400e+003 -9.1079800e+002  4.3336300e+002
  3.4372300e+003 -9.1125200e+002  4.1786500e+002
  3.4418300e+003 -9.1244800e+002  4.0269500e+002
  3.4521000e+003 -9.1514700e+002  3.8813500e+002
  3.4537000e+003 -9.1555000e+002  3.7256300e+002
  3.4552500e+003 -9.1593700e+002  3.5698400e+002
  3.4567200e+003 -9.1630500e+002  3.4139800e+002
  3.4437900e+003 -9.1285300e+002  3.2445300e+002
  3.4451300e+003 -9.1318600e+002  3.0891900e+002
  3.4454400e+003 -9.1324700e+002  2.9329800e+002
  3.4476100e+003 -9.1379900e+002  2.7783400e+002
  3.4478000e+003 -9.1382500e+002  2.6221100e+002
  3.4488700e+003 -9.1408800e+002  2.4665900e+002
  3.4498900e+003 -9.1433400e+002  2.3110300e+002
  3.4450800e+003 -9.1303800e+002  2.1518300e+002
  3.4459600e+003 -9.1324800e+002  1.9964500e+002
  3.4486900e+003 -9.1395000e+002  1.8420500e+002
  3.4475200e+003 -9.1361700e+002  1.6855700e+002
  3.4482000e+003 -9.1377500e+002  1.5300800e+002
  3.4507400e+003 -9.1442500e+002  1.3753200e+002
  3.4455300e+003 -9.1302200e+002  1.2176500e+002
  3.4460200e+003 -9.1312800e+002  1.0622600e+002
  3.4522000e+003 -9.1474400e+002  9.0835800e+001
  3.4554400e+003 -9.1557900e+002  7.5329300e+001
  3.4566900e+003 -9.1588800e+002  5.9762100e+001
  3.4598000e+003 -9.1668800e+002  4.4209800e+001
  3.4599600e+003 -9.1670700e+002  2.8606700e+001
  3.4610100e+003 -9.1696400e+002  1.3006800e+001
  3.4610400e+003 -9.1694800e+002 -2.6013600e+000
  3.4427500e+003 -9.1208000e+002 -1.8113400e+001
  3.4426400e+003 -9.1203000e+002 -3.3638900e+001
  3.4568800e+003 -9.1578000e+002 -4.9369500e+001
  3.4499200e+003 -9.1391400e+002 -6.4832000e+001
  3.4563500e+003 -9.1559200e+002 -8.0545900e+001
  3.4559800e+003 -9.1547200e+002 -9.6132000e+001
  3.4584300e+003 -9.1609800e+002 -1.1180900e+002
  3.4608100e+003 -9.1670600e+002 -1.2751100e+002
  3.4612000e+003 -9.1678800e+002 -1.4315600e+002
  3.4605700e+003 -9.1659800e+002 -1.5876300e+002
  3.4646800e+003 -9.1766200e+002 -1.7460900e+002
  3.4639100e+003 -9.1743700e+002 -1.9023200e+002
  3.4602100e+003 -9.1643300e+002 -2.0568000e+002
  3.4593100e+003 -9.1617300e+002 -2.2128200e+002
  3.4564400e+003 -9.1538900e+002 -2.3674900e+002
  3.4477400e+003 -9.1306400e+002 -2.5177400e+002
  3.4466600e+003 -9.1275400e+002 -2.6731900e+002
  3.4455000e+003 -9.1242500e+002 -2.8285900e+002
  3.4557700e+003 -9.1512200e+002 -2.9938900e+002
  3.4650100e+003 -9.1754500e+002 -3.1593000e+002
  3.4646100e+003 -9.1741600e+002 -3.3164400e+002
  3.4631800e+003 -9.1701600e+002 -3.4726500e+002
  3.4607300e+003 -9.1634500e+002 -3.6277900e+002
  3.4544000e+003 -9.1464600e+002 -3.7785900e+002
  3.4527800e+003 -9.1419400e+002 -3.9343300e+002
  3.4511000e+003 -9.1372600e+002 -4.0899900e+002
  3.4607900e+003 -9.1627000e+002 -4.2596700e+002
  3.4589700e+003 -9.1576500e+002 -4.4156900e+002
  3.4589900e+003 -9.1574700e+002 -4.5741500e+002
  3.4570300e+003 -9.1520700e+002 -4.7300900e+002
  3.4550100e+003 -9.1464900e+002 -4.8859400e+002
  3.4529300e+003 -9.1407400e+002 -5.0416900e+002
  3.4621800e+003 -9.1650100e+002 -5.2145400e+002
  3.4637600e+003 -9.1689600e+002 -5.3765100e+002
  3.4624200e+003 -9.1651700e+002 -5.5341700e+002
  3.4600600e+003 -9.1587000e+002 -5.6902500e+002
  3.4614200e+003 -9.1620900e+002 -5.8526400e+002
  3.4589300e+003 -9.1552600e+002 -6.0086700e+002
  3.4563700e+003 -9.1482600e+002 -6.1645900e+002
  3.4537400e+003 -9.1410900e+002 -6.3203900e+002
  3.4557800e+003 -9.1462500e+002 -6.4849400e+002
  3.4558500e+003 -9.1462100e+002 -6.6461700e+002
  3.4558600e+003 -9.1460000e+002 -6.8075200e+002
  3.4529600e+003 -9.1381000e+002 -6.9632900e+002
  3.4594200e+003 -9.1549700e+002 -7.1383700e+002
  3.4582700e+003 -9.1516900e+002 -7.2982700e+002
  3.4636300e+003 -9.1656500e+002 -7.4724100e+002
  3.4613900e+003 -9.1595100e+002 -7.6305900e+002
  3.4684700e+003 -9.1780200e+002 -7.8098600e+002
  3.4651600e+003 -9.1690100e+002 -7.9661900e+002
  3.4617700e+003 -9.1598300e+002 -8.1223600e+002
  3.4611300e+003 -9.1579000e+002 -8.2851100e+002
  3.4538700e+003 -9.1384700e+002 -8.4319700e+002
  3.4502900e+003 -9.1287700e+002 -8.5876400e+002
  3.4401100e+003 -9.1016100e+002 -8.7265700e+002
  3.3954000e+003 -8.9830900e+002 -8.7756200e+002
  3.3162600e+003 -8.7735000e+002 -8.7301200e+002
  3.7086100e+003 -9.1355100e+002  4.6571700e+002
  3.7076800e+003 -9.1329700e+002  4.4871500e+002
  3.7095500e+003 -9.1373400e+002  4.3206500e+002
  3.7113400e+003 -9.1415300e+002  4.1540600e+002
  3.7169100e+003 -9.1550000e+002  3.9915200e+002
  3.7281700e+003 -9.1824900e+002  3.8344900e+002
  3.7297700e+003 -9.1861700e+002  3.6670700e+002
  3.7312900e+003 -9.1896800e+002  3.4995900e+002
  3.7240900e+003 -9.1717000e+002  3.3243100e+002
  3.7254700e+003 -9.1748500e+002  3.1570900e+002
  3.7267700e+003 -9.1778300e+002  2.9898000e+002
  3.7280100e+003 -9.1806300e+002  2.8224600e+002
  3.7243600e+003 -9.1714000e+002  2.6516400e+002
  3.7254500e+003 -9.1738500e+002  2.4844100e+002
  3.7187700e+003 -9.1571500e+002  2.3123400e+002
  3.7120100e+003 -9.1402700e+002  2.1409200e+002
  3.7206000e+003 -9.1611600e+002  1.9783500e+002
  3.7117700e+003 -9.1391800e+002  1.8066000e+002
  3.7086500e+003 -9.1312500e+002  1.6382400e+002
  3.7093100e+003 -9.1326500e+002  1.4717300e+002
  3.7234000e+003 -9.1671100e+002  1.3099400e+002
  3.7239300e+003 -9.1681500e+002  1.1427600e+002
  3.7243800e+003 -9.1690300e+002  9.7556800e+001
  3.7247700e+003 -9.1697300e+002  8.0835500e+001
  3.7250800e+003 -9.1702600e+002  6.4112700e+001
  3.7262800e+003 -9.1729800e+002  4.7400900e+001
  3.7177700e+003 -9.1517900e+002  3.0600200e+001
  3.7149800e+003 -9.1446600e+002  1.3898500e+001
  3.7179000e+003 -9.1516200e+002 -2.7818600e+000
  3.7246100e+003 -9.1679000e+002 -1.9508300e+001
  3.7235400e+003 -9.1650100e+002 -3.6220000e+001
  3.7243200e+003 -9.1666900e+002 -5.2949700e+001
  3.7327500e+003 -9.1871900e+002 -6.9831500e+001
  3.7324200e+003 -9.1861500e+002 -8.6588500e+001
  3.7320200e+003 -9.1849300e+002 -1.0334400e+002
  3.7383100e+003 -9.2001500e+002 -1.2031500e+002
  3.7397000e+003 -9.2033300e+002 -1.3716700e+002
  3.7390900e+003 -9.2015800e+002 -1.5395400e+002
  3.7384100e+003 -9.1996600e+002 -1.7073900e+002
  3.7347600e+003 -9.1904500e+002 -1.8737500e+002
  3.7243000e+003 -9.1644700e+002 -2.0361300e+002
  3.7234100e+003 -9.1620300e+002 -2.2033100e+002
  3.7320800e+003 -9.1831200e+002 -2.3765700e+002
  3.7445200e+003 -9.2135000e+002 -2.5532900e+002
  3.7434100e+003 -9.2105200e+002 -2.7213700e+002
  3.7422300e+003 -9.2073700e+002 -2.8893900e+002
  3.7342500e+003 -9.1874800e+002 -3.0518600e+002
  3.7310000e+003 -9.1792500e+002 -3.2178100e+002
  3.7228800e+003 -9.1590300e+002 -3.3791700e+002
  3.7214200e+003 -9.1551900e+002 -3.5462700e+002
  3.7266100e+003 -9.1677200e+002 -3.7200100e+002
  3.7384500e+003 -9.1966000e+002 -3.9013000e+002
  3.7386900e+003 -9.1969400e+002 -4.0711800e+002
  3.7369300e+003 -9.1923900e+002 -4.2389800e+002
  3.7427800e+003 -9.2065200e+002 -4.4157400e+002
  3.7332100e+003 -9.1827500e+002 -4.5743300e+002
  3.7369900e+003 -9.1918000e+002 -4.7491800e+002
  3.7349500e+003 -9.1865400e+002 -4.9169000e+002
  3.7433700e+003 -9.2069900e+002 -5.0988600e+002
  3.7411800e+003 -9.2013600e+002 -5.2668500e+002
  3.7484700e+003 -9.2190600e+002 -5.4486400e+002
  3.7461400e+003 -9.2130700e+002 -5.6168600e+002
  3.7437300e+003 -9.2069100e+002 -5.7849800e+002
  3.7412500e+003 -9.2005700e+002 -5.9529900e+002
  3.7387000e+003 -9.1940500e+002 -6.1208800e+002
  3.7484600e+003 -9.2178100e+002 -6.3095000e+002
  3.7467100e+003 -9.2132600e+002 -6.4793600e+002
  3.7439400e+003 -9.2062000e+002 -6.6474900e+002
  3.7410900e+003 -9.1989700e+002 -6.8155000e+002
  3.7381800e+003 -9.1915500e+002 -6.9833800e+002
  3.7314000e+003 -9.1746400e+002 -7.1438600e+002
  3.7283400e+003 -9.1668900e+002 -7.3113000e+002
  3.7290100e+003 -9.1682800e+002 -7.4862000e+002
  3.7258100e+003 -9.1601700e+002 -7.6535300e+002
  3.7291600e+003 -9.1681600e+002 -7.8346200e+002
  3.7277000e+003 -9.1643300e+002 -8.0060000e+002
  3.7242800e+003 -9.1556900e+002 -8.1732700e+002
  3.7207900e+003 -9.1468700e+002 -8.3403800e+002
  3.7172300e+003 -9.1378700e+002 -8.5073300e+002
  3.7136000e+003 -9.1287000e+002 -8.6741100e+002
  3.6713500e+003 -9.0246100e+002 -8.7488800e+002
  3.5943600e+003 -8.8351200e+002 -8.7355600e+002
  3.5399700e+003 -8.7011900e+002 -8.7712900e+002
  3.4471900e+003 -8.4729200e+002 -8.7052700e+002
  3.3245700e+003 -8.1713200e+002 -8.5540000e+002
  3.3153200e+003 -8.1483500e+002 -8.6884500e+002
  3.7269000e+003 -6.4354500e+002 -8.2325800e+002
  3.7233300e+003 -6.4290600e+002 -8.3973700e+002
  3.7196900e+003 -6.4225400e+002 -8.5620000e+002
  3.6835400e+003 -6.3598900e+002 -8.6503000e+002
  3.5187300e+003 -6.0751000e+002 -8.4274100e+002
  3.4674700e+003 -5.9863900e+002 -8.4667500e+002
  3.4172000e+003 -5.8993900e+002 -8.5040900e+002
  3.4040200e+003 -5.8764200e+002 -8.6310900e+002
  3.8804700e+003 -5.9780500e+002 -8.1886000e+002
  3.7991000e+003 -5.8524600e+002 -8.1919100e+002
  3.7955400e+003 -5.8467400e+002 -8.3594000e+002
  3.7919100e+003 -5.8409100e+002 -8.5267300e+002
  3.7278600e+003 -5.7420100e+002 -8.5554100e+002
  3.6686400e+003 -5.6505700e+002 -8.5898100e+002
  3.5970400e+003 -5.5400700e+002 -8.5894700e+002
  3.5216900e+003 -5.4238000e+002 -8.5736900e+002
  3.4502400e+003 -5.3135400e+002 -8.5608900e+002
  3.4055500e+003 -5.2445000e+002 -8.6094100e+002
  3.8690900e+003 -5.2945100e+002 -8.3224000e+002
  3.8654600e+003 -5.2893100e+002 -8.4925600e+002
  3.7877600e+003 -5.1827500e+002 -8.4965500e+002
  3.7840500e+003 -5.1774500e+002 -8.6631200e+002
  3.6680500e+003 -5.0185100e+002 -8.5674000e+002
  3.5924500e+003 -4.9148500e+002 -8.5575200e+002
  3.5083100e+003 -4.7995300e+002 -8.5202200e+002
  3.4663500e+003 -4.7419100e+002 -8.5798300e+002
  3.4091300e+003 -4.6634200e+002 -8.5973600e+002
  3.9567100e+003 -4.6852000e+002  3.2785200e+002
  3.9512000e+003 -4.6784300e+002  3.0993900e+002
  3.9407000e+003 -4.6657300e+002  2.9171700e+002
  3.9419300e+003 -4.6669300e+002  2.7441600e+002
  3.9430800e+003 -4.6680400e+002  2.5710900e+002
  3.9412100e+003 -4.6655600e+002  2.3961800e+002
  3.9510800e+003 -4.6769800e+002  2.2281500e+002
  3.9520100e+003 -4.6778300e+002  2.0546900e+002
  3.9439900e+003 -4.6680800e+002  1.8769700e+002
  3.9437800e+003 -4.6675800e+002  1.7034000e+002
  3.9287100e+003 -4.6494800e+002  1.5241400e+002
  3.9244000e+003 -4.6441200e+002  1.3499700e+002
  3.9249500e+003 -4.6445200e+002  1.1776900e+002
  3.9224700e+003 -4.6413200e+002  1.0046300e+002
  3.9228700e+003 -4.6415400e+002  8.3243200e+001
  3.9202300e+003 -4.6381700e+002  6.5972500e+001
  3.9106200e+003 -4.6265300e+002  4.8640600e+001
  3.9078300e+003 -4.6229800e+002  3.1450000e+001
  3.9069500e+003 -4.6216800e+002  1.4291900e+001
  3.9000700e+003 -4.6132900e+002 -2.8533400e+000
  3.8812700e+003 -4.5908000e+002 -1.9877300e+001
  3.8811500e+003 -4.5904000e+002 -3.6914500e+001
  3.8809600e+003 -4.5899200e+002 -5.3951100e+001
  3.8945000e+003 -4.6056900e+002 -7.1239400e+001
  3.8941600e+003 -4.6050300e+002 -8.8334200e+001
  3.8937400e+003 -4.6042800e+002 -1.0542700e+002
  3.8873400e+003 -4.5964500e+002 -1.2233200e+002
  3.8759200e+003 -4.5827000e+002 -1.3900600e+002
  3.8703600e+003 -4.5758600e+002 -1.5582000e+002
  3.8696500e+003 -4.5747700e+002 -1.7280800e+002
  3.8738000e+003 -4.5794200e+002 -1.9003500e+002
  3.8749100e+003 -4.5804900e+002 -2.0714300e+002
  3.8739800e+003 -4.5791300e+002 -2.2415000e+002
  3.8729800e+003 -4.5776900e+002 -2.4115300e+002
  3.8600800e+003 -4.5622000e+002 -2.5736400e+002
  3.8589300e+003 -4.5605900e+002 -2.7430600e+002
  3.8577100e+003 -4.5588900e+002 -2.9124200e+002
  3.8564200e+003 -4.5571100e+002 -3.0817300e+002
  3.8570200e+003 -4.5575700e+002 -3.2526500e+002
  3.8634400e+003 -4.5649000e+002 -3.4289000e+002
  3.8619200e+003 -4.5628600e+002 -3.5984600e+002
  3.8603300e+003 -4.5607200e+002 -3.7679500e+002
  3.8527700e+003 -4.5515400e+002 -3.9313500e+002
  3.8510400e+003 -4.5492400e+002 -4.1004400e+002
  3.8492300e+003 -4.5468500e+002 -4.2694400e+002
  3.8483300e+003 -4.5455400e+002 -4.4395000e+002
  3.8581300e+003 -4.5568600e+002 -4.6224700e+002
  3.8561000e+003 -4.5542100e+002 -4.7917800e+002
  3.8539900e+003 -4.5514700e+002 -4.9610000e+002
  3.8459400e+003 -4.5417100e+002 -5.1223100e+002
  3.8505300e+003 -4.5468800e+002 -5.3005000e+002
  3.8511300e+003 -4.5473400e+002 -5.4736400e+002
  3.8526400e+003 -4.5488600e+002 -5.6483600e+002
  3.8462500e+003 -4.5410700e+002 -5.8115300e+002
  3.8437000e+003 -4.5378100e+002 -5.9803000e+002
  3.8449800e+003 -4.5390700e+002 -6.1552100e+002
  3.8452000e+003 -4.5390800e+002 -6.3287400e+002
  3.8424300e+003 -4.5355500e+002 -6.4974600e+002
  3.8454200e+003 -4.5388300e+002 -6.6762000e+002
  3.8434700e+003 -4.5362700e+002 -6.8466600e+002
  3.8404700e+003 -4.5324900e+002 -7.0153100e+002
  3.8374000e+003 -4.5286100e+002 -7.1838200e+002
  3.8342600e+003 -4.5246500e+002 -7.3521900e+002
  3.8387900e+003 -4.5297500e+002 -7.5356400e+002
  3.8480700e+003 -4.5404500e+002 -7.7293400e+002
  3.8466300e+003 -4.5385000e+002 -7.9021600e+002
  3.8499400e+003 -4.5421500e+002 -8.0851300e+002
  3.8473700e+003 -4.5388600e+002 -8.2561200e+002
  3.8437600e+003 -4.5343600e+002 -8.4249200e+002
  3.8391100e+003 -4.5286300e+002 -8.5914100e+002
  3.8267000e+003 -4.5137300e+002 -8.7400600e+002
  3.7719200e+003 -4.4488700e+002 -8.7892100e+002
  3.6758800e+003 -4.3353500e+002 -8.7355600e+002
  3.6269700e+003 -4.2774200e+002 -8.7875700e+002
  3.5320700e+003 -4.1652800e+002 -8.7218400e+002
  3.4114500e+003 -4.0228200e+002 -8.5829100e+002
  3.9449200e+003 -3.9917600e+002  3.4367300e+002
  3.9365200e+003 -3.9830200e+002  3.2557000e+002
  3.9359200e+003 -3.9821700e+002  3.0816400e+002
  3.9283500e+003 -3.9742700e+002  2.9026000e+002
  3.9197100e+003 -3.9652800e+002  2.7236000e+002
  3.9208600e+003 -3.9662000e+002  2.5518300e+002
  3.9219300e+003 -3.9670400e+002  2.3800100e+002
  3.9229300e+003 -3.9678000e+002  2.2081500e+002
  3.9060800e+003 -3.9505200e+002  2.0270200e+002
  3.9059300e+003 -3.9501300e+002  1.8553900e+002
  3.9067000e+003 -3.9506600e+002  1.6842300e+002
  3.9064100e+003 -3.9501300e+002  1.5126600e+002
  3.9060500e+003 -3.9495100e+002  1.3411500e+002
  3.9046200e+003 -3.9478200e+002  1.1694000e+002
  3.9050900e+003 -3.9480600e+002  9.9830900e+001
  3.9045000e+003 -3.9472200e+002  8.2698900e+001
  3.9048200e+003 -3.9473000e+002  6.5590600e+001
  3.9050700e+003 -3.9473100e+002  4.8481000e+001
  3.9052500e+003 -3.9472500e+002  3.1370500e+001
  3.9053500e+003 -3.9471000e+002  1.4259500e+001
  3.9053800e+003 -3.9468900e+002 -2.8519000e+000
  3.9003900e+003 -3.9416000e+002 -1.9937900e+001
  3.9002600e+003 -3.9412400e+002 -3.7027200e+001
  3.8990800e+003 -3.9398000e+002 -5.4102000e+001
  3.8998000e+003 -3.9402800e+002 -7.1203300e+001
  3.8955000e+003 -3.9357000e+002 -8.8199900e+001
  3.8980500e+003 -3.9380300e+002 -1.0534700e+002
  3.8945900e+003 -3.9342900e+002 -1.2233200e+002
  3.8969900e+003 -3.9364800e+002 -1.3950100e+002
  3.8874600e+003 -3.9266100e+002 -1.5621700e+002
  3.8956400e+003 -3.9346200e+002 -1.7364500e+002
  3.8820100e+003 -3.9206200e+002 -1.9008300e+002
  3.8791800e+003 -3.9175200e+002 -2.0698500e+002
  3.8762700e+003 -3.9143400e+002 -2.2386500e+002
  3.8742800e+003 -3.9120900e+002 -2.4078500e+002
  3.8712300e+003 -3.9087600e+002 -2.5762700e+002
  3.8700800e+003 -3.9073600e+002 -2.7458600e+002
  3.8688500e+003 -3.9058800e+002 -2.9154000e+002
  3.8675500e+003 -3.9043300e+002 -3.0848800e+002
  3.8661800e+003 -3.9027000e+002 -3.2543000e+002
  3.8795100e+003 -3.9159200e+002 -3.4367500e+002
  3.8770000e+003 -3.9131400e+002 -3.6057800e+002
  3.8763900e+003 -3.9122800e+002 -3.7765800e+002
  3.8747100e+003 -3.9103500e+002 -3.9463800e+002
  3.8729700e+003 -3.9083500e+002 -4.1161100e+002
  3.8711500e+003 -3.9062700e+002 -4.2857600e+002
  3.8731800e+003 -3.9080800e+002 -4.4598600e+002
  3.8712200e+003 -3.9058500e+002 -4.6295100e+002
  3.8740800e+003 -3.9085000e+002 -4.8051700e+002
  3.8729400e+003 -3.9071100e+002 -4.9761200e+002
  3.8707500e+003 -3.9046600e+002 -5.1457700e+002
  3.8704400e+003 -3.9041100e+002 -5.3180000e+002
  3.8720200e+003 -3.9054600e+002 -5.4930900e+002
  3.8696000e+003 -3.9027800e+002 -5.6626800e+002
  3.8612400e+003 -3.8941100e+002 -5.8233200e+002
  3.8645500e+003 -3.8972000e+002 -6.0015500e+002
  3.8628900e+003 -3.8952800e+002 -6.1723700e+002
  3.8533400e+003 -3.8854200e+002 -6.3303400e+002
  3.8573900e+003 -3.8892600e+002 -6.5106300e+002
  3.8584300e+003 -3.8900700e+002 -6.6863300e+002
  3.8554900e+003 -3.8868700e+002 -6.8553200e+002
  3.8583200e+003 -3.8894800e+002 -7.0348200e+002
  3.8639900e+003 -3.8949500e+002 -7.2201500e+002
  3.8608200e+003 -3.8915200e+002 -7.3893700e+002
  3.8575800e+003 -3.8880100e+002 -7.5584600e+002
  3.8552400e+003 -3.8854100e+002 -7.7293400e+002
  3.8615400e+003 -3.8915200e+002 -7.9180500e+002
  3.8580700e+003 -3.8877900e+002 -8.0871600e+002
  3.8545300e+003 -3.8839800e+002 -8.2561200e+002
  3.8480200e+003 -3.8771700e+002 -8.4185800e+002
  3.8317800e+003 -3.8605800e+002 -8.5590700e+002
  3.8183900e+003 -3.8468500e+002 -8.7048900e+002
  3.7962800e+003 -3.8243400e+002 -8.8295300e+002
  3.7654700e+003 -3.7930700e+002 -8.9318600e+002
  3.7202300e+003 -3.7472600e+002 -8.9967900e+002
  3.6606000e+003 -3.6869700e+002 -9.0224300e+002
  3.6230800e+003 -3.6489500e+002 -9.0984100e+002
  3.5453200e+003 -3.5704200e+002 -9.0683400e+002
  3.5356100e+003 -3.5604200e+002 -9.2086300e+002
  3.4885700e+003 -3.5128300e+002 -9.2493900e+002
  3.9217500e+003 -3.2697500e+002  3.4109800e+002
  3.9212300e+003 -3.2690700e+002  3.2377700e+002
  3.9226000e+003 -3.2699600e+002  3.0662100e+002
  3.9209300e+003 -3.2683300e+002  2.8924000e+002
  3.9191900e+003 -3.2666300e+002  2.7188000e+002
  3.9203300e+003 -3.2673400e+002  2.5473400e+002
  3.9214100e+003 -3.2679900e+002  2.3758200e+002
  3.9194400e+003 -3.2661000e+002  2.2025900e+002
  3.9203600e+003 -3.2666200e+002  2.0311200e+002
  3.9162600e+003 -3.2629600e+002  1.8572700e+002
  3.9101000e+003 -3.2575900e+002  1.6829600e+002
  3.9108000e+003 -3.2579200e+002  1.5119000e+002
  3.9035000e+003 -3.2516000e+002  1.3381000e+002
  3.9119700e+003 -3.2584000e+002  1.1697000e+002
  3.9124400e+003 -3.2585500e+002  9.9856200e+001
  3.9009600e+003 -3.2487500e+002  8.2489500e+001
  3.8973200e+003 -3.2454700e+002  6.5358100e+001
  3.8975700e+003 -3.2454300e+002  4.8309200e+001
  3.8977500e+003 -3.2453400e+002  3.1259300e+001
  3.9028000e+003 -3.2493000e+002  1.4227000e+001
  3.9038200e+003 -3.2499000e+002 -2.8461200e+000
  3.9037700e+003 -3.2496100e+002 -1.9922800e+001
  3.9026600e+003 -3.2484400e+002 -3.6989600e+001
  3.8915700e+003 -3.2389700e+002 -5.3910000e+001
  3.8913000e+003 -3.2385000e+002 -7.0932500e+001
  3.8909600e+003 -3.2379700e+002 -8.7953700e+001
  3.8935100e+003 -3.2398500e+002 -1.0505300e+002
  3.8930200e+003 -3.2392000e+002 -1.2208400e+002
  3.8924500e+003 -3.2384800e+002 -1.3911200e+002
  3.8829100e+003 -3.2303000e+002 -1.5578000e+002
  3.8822000e+003 -3.2294600e+002 -1.7276400e+002
  3.8814100e+003 -3.2285700e+002 -1.8974400e+002
  3.8815400e+003 -3.2284300e+002 -2.0677400e+002
  3.8885200e+003 -3.2339900e+002 -2.2420700e+002
  3.8875100e+003 -3.2329100e+002 -2.4121500e+002
  3.8874100e+003 -3.2325800e+002 -2.5828300e+002
  3.8852700e+003 -3.2305600e+002 -2.7521500e+002
  3.8721900e+003 -3.2194400e+002 -2.9131700e+002
  3.8708900e+003 -3.2181100e+002 -3.0825200e+002
  3.8823400e+003 -3.2273900e+002 -3.2626000e+002
  3.8769400e+003 -3.2226600e+002 -3.4289000e+002
  3.8754200e+003 -3.2211500e+002 -3.5984600e+002
  3.8777600e+003 -3.2228600e+002 -3.7717800e+002
  3.8731300e+003 -3.2187700e+002 -3.9383700e+002
  3.8713900e+003 -3.2170700e+002 -4.1077500e+002
  3.8725200e+003 -3.2177700e+002 -4.2803200e+002
  3.8814500e+003 -3.2249500e+002 -4.4621200e+002
  3.8794800e+003 -3.2230700e+002 -4.6318600e+002
  3.8774300e+003 -3.2211200e+002 -4.8015200e+002
  3.8753100e+003 -3.2191200e+002 -4.9710800e+002
  3.8642800e+003 -3.2097100e+002 -5.1288300e+002
  3.8541700e+003 -3.2010700e+002 -5.2870400e+002
  3.8518400e+003 -3.1988900e+002 -5.4555900e+002
  3.8494300e+003 -3.1966500e+002 -5.6240200e+002
  3.8587100e+003 -3.2041100e+002 -5.8100500e+002
  3.8620200e+003 -3.2066200e+002 -5.9878900e+002
  3.8593800e+003 -3.2041900e+002 -6.1567700e+002
  3.8566700e+003 -3.2017000e+002 -6.3255300e+002
  3.8538900e+003 -3.1991500e+002 -6.4941700e+002
  3.8510300e+003 -3.1965400e+002 -6.6626900e+002
  3.8578600e+003 -3.2019600e+002 -6.8483900e+002
  3.8548500e+003 -3.1992200e+002 -7.0170800e+002
  3.8546900e+003 -3.1988400e+002 -7.1910800e+002
  3.8515300e+003 -3.1959800e+002 -7.3596300e+002
  3.8483000e+003 -3.1930500e+002 -7.5280300e+002
  3.8508200e+003 -3.1949100e+002 -7.7079600e+002
  3.8513200e+003 -3.1950800e+002 -7.8842800e+002
  3.8497900e+003 -3.1935700e+002 -8.0567300e+002
  3.8491700e+003 -3.1928100e+002 -8.2312600e+002
  3.8455600e+003 -3.1895700e+002 -8.3995600e+002
  3.8418700e+003 -3.1862800e+002 -8.5676900e+002
  3.8352200e+003 -3.1805200e+002 -8.7290700e+002
  3.7995500e+003 -3.1507000e+002 -8.8228100e+002
  3.7927900e+003 -3.1448600e+002 -8.9820800e+002
  3.7204900e+003 -3.0846800e+002 -8.9828400e+002
  3.6501900e+003 -3.0261600e+002 -8.9821900e+002
  3.5818800e+003 -2.9693100e+002 -8.9803800e+002
  3.5328400e+003 -2.9284300e+002 -9.0217800e+002
  3.5221800e+003 -2.9193700e+002 -9.1587800e+002
  3.5038000e+003 -2.9039200e+002 -9.2747400e+002
  3.9465800e+003 -2.6033000e+002  3.4281500e+002
  3.9450700e+003 -2.6020700e+002  3.2532500e+002
  3.9326100e+003 -2.5936100e+002  3.0700700e+002
  3.9309500e+003 -2.5922800e+002  2.8960500e+002
  3.9193100e+003 -2.5843700e+002  2.7153800e+002
  3.9125400e+003 -2.5796700e+002  2.5389900e+002
  3.9136100e+003 -2.5801400e+002  2.3680400e+002
  3.9146000e+003 -2.5805600e+002  2.1970400e+002
  3.9145300e+003 -2.5802800e+002  2.0254900e+002
  3.9153800e+003 -2.5806000e+002  1.8544500e+002
  3.9220900e+003 -2.5847900e+002  1.6859400e+002
  3.9227900e+003 -2.5850200e+002  1.5145700e+002
  3.9125100e+003 -2.5780100e+002  1.3394500e+002
  3.9130600e+003 -2.5781300e+002  1.1685100e+002
  3.9135300e+003 -2.5782100e+002  9.9755100e+001
  3.9000500e+003 -2.5690900e+002  8.2363900e+001
  3.9003700e+003 -2.5690700e+002  6.5324900e+001
  3.9006200e+003 -2.5690000e+002  4.8284600e+001
  3.9136900e+003 -2.5773700e+002  3.1346700e+001
  3.9137900e+003 -2.5772000e+002  1.4248600e+001
  3.9138100e+003 -2.5769800e+002 -2.8497300e+000
  3.8949300e+003 -2.5643100e+002 -1.9852000e+001
  3.8948000e+003 -2.5640000e+002 -3.6867600e+001
  3.8946100e+003 -2.5636400e+002 -5.3882500e+001
  3.8993000e+003 -2.5664900e+002 -7.0986700e+001
  3.8989500e+003 -2.5660300e+002 -8.8020900e+001
  3.8985300e+003 -2.5655200e+002 -1.0505300e+002
  3.8930800e+003 -2.5617000e+002 -1.2192900e+002
  3.8915300e+003 -2.5604400e+002 -1.3890000e+002
  3.8879200e+003 -2.5578300e+002 -1.5578000e+002
  3.8872000e+003 -2.5571300e+002 -1.7276400e+002
  3.8864200e+003 -2.5563800e+002 -1.8974400e+002
  3.8885300e+003 -2.5575300e+002 -2.0687900e+002
  3.8875900e+003 -2.5566800e+002 -2.2386500e+002
  3.8865800e+003 -2.5557800e+002 -2.4084700e+002
  3.8845100e+003 -2.5541900e+002 -2.5775800e+002
  3.8813700e+003 -2.5518900e+002 -2.7458600e+002
  3.8761900e+003 -2.5482500e+002 -2.9124200e+002
  3.8748900e+003 -2.5471600e+002 -3.0817300e+002
  3.8735100e+003 -2.5460300e+002 -3.2509900e+002
  3.8740400e+003 -2.5461400e+002 -3.4219200e+002
  3.8853500e+003 -2.5533400e+002 -3.6030400e+002
  3.8837500e+003 -2.5520500e+002 -3.7727400e+002
  3.8820700e+003 -2.5507200e+002 -3.9423700e+002
  3.8803200e+003 -2.5493300e+002 -4.1119300e+002
  3.8745500e+003 -2.5453100e+002 -4.2770600e+002
  3.8687200e+003 -2.5412500e+002 -4.4417600e+002
  3.8667500e+003 -2.5397200e+002 -4.6107300e+002
  3.8647100e+003 -2.5381500e+002 -4.7796100e+002
  3.8685000e+003 -2.5404000e+002 -4.9559600e+002
  3.8682700e+003 -2.5400200e+002 -5.1275200e+002
  3.8660100e+003 -2.5383000e+002 -5.2964700e+002
  3.8675900e+003 -2.5391100e+002 -5.4708600e+002
  3.8612500e+003 -2.5347200e+002 -5.6340500e+002
  3.8587700e+003 -2.5328600e+002 -5.8026800e+002
  3.8660100e+003 -2.5373800e+002 -5.9863700e+002
  3.8672900e+003 -2.5379800e+002 -6.1614500e+002
  3.8655500e+003 -2.5366100e+002 -6.3319400e+002
  3.8627600e+003 -2.5345500e+002 -6.5007500e+002
  3.8599000e+003 -2.5324400e+002 -6.6694400e+002
  3.8569600e+003 -2.5302800e+002 -6.8380000e+002
  3.8539500e+003 -2.5280700e+002 -7.0064400e+002
  3.8508700e+003 -2.5258200e+002 -7.1747400e+002
  3.8545300e+003 -2.5279900e+002 -7.3559100e+002
  3.8522700e+003 -2.5262800e+002 -7.5261300e+002
  3.8489600e+003 -2.5238800e+002 -7.6943500e+002
  3.8504400e+003 -2.5246100e+002 -7.8723600e+002
  3.8469800e+003 -2.5221100e+002 -8.0405000e+002
  3.8521700e+003 -2.5252900e+002 -8.2271200e+002
  3.8553400e+003 -2.5271300e+002 -8.4101300e+002
  3.8516500e+003 -2.5244800e+002 -8.5784700e+002
  3.8478800e+003 -2.5217800e+002 -8.7466500e+002
  3.8256900e+003 -2.5070000e+002 -8.8721000e+002
  3.8063500e+003 -2.4941100e+002 -9.0026300e+002
  3.7821500e+003 -2.4780200e+002 -9.1200100e+002
  3.7714100e+003 -2.4707600e+002 -9.2685800e+002
  3.7394400e+003 -2.4495900e+002 -9.3633900e+002
  3.6824800e+003 -2.4120600e+002 -9.3918600e+002
  3.6380500e+003 -2.3827300e+002 -9.4479500e+002
  3.6176100e+003 -2.3691300e+002 -9.5637000e+002
  3.9219900e+003 -2.2477500e+002  3.4049800e+002
  3.9234400e+003 -2.2483400e+002  3.2336900e+002
  3.9248100e+003 -2.2488900e+002  3.0623500e+002
  3.9261100e+003 -2.2493900e+002  2.8909500e+002
  3.9204000e+003 -2.2458900e+002  2.7146900e+002
  3.9215500e+003 -2.2463100e+002  2.5434800e+002
  3.9226200e+003 -2.2466800e+002  2.3722300e+002
  3.9196500e+003 -2.2447400e+002  2.1987000e+002
  3.9136400e+003 -2.2410600e+002  2.0239500e+002
  3.9144800e+003 -2.2413100e+002  1.8530400e+002
  3.9182300e+003 -2.2432200e+002  1.6833800e+002
  3.9189200e+003 -2.2433800e+002  1.5122800e+002
  3.9136000e+003 -2.2400900e+002  1.3391100e+002
  3.9032400e+003 -2.2339200e+002  1.1649600e+002
  3.9037100e+003 -2.2339500e+002  9.9451900e+001
  3.9041000e+003 -2.2339500e+002  8.2405800e+001
  3.9084000e+003 -2.2361600e+002  6.5424500e+001
  3.9086400e+003 -2.2360700e+002  4.8358300e+001
  3.9088200e+003 -2.2359300e+002  3.1291100e+001
  3.8960200e+003 -2.2283700e+002  1.4176400e+001
  3.8960500e+003 -2.2281500e+002 -2.8352900e+000
  3.8960000e+003 -2.2278900e+002 -1.9847000e+001
  3.8958800e+003 -2.2275800e+002 -3.6858200e+001
  3.8937000e+003 -2.2261000e+002 -5.3841400e+001
  3.8964000e+003 -2.2274100e+002 -7.0896400e+001
  3.8930800e+003 -2.2252800e+002 -8.7841800e+001
  3.8926700e+003 -2.2248000e+002 -1.0484000e+002
  3.8921700e+003 -2.2242800e+002 -1.2183600e+002
  3.8916100e+003 -2.2237200e+002 -1.3882900e+002
  3.8909700e+003 -2.2231200e+002 -1.5582000e+002
  3.8872800e+003 -2.2207800e+002 -1.7267600e+002
  3.8864900e+003 -2.2201000e+002 -1.8964800e+002
  3.8896000e+003 -2.2216300e+002 -2.0682700e+002
  3.8777600e+003 -2.2146400e+002 -2.2318100e+002
  3.8926000e+003 -2.2228800e+002 -2.4109200e+002
  3.8915200e+003 -2.2220200e+002 -2.5808600e+002
  3.8893700e+003 -2.2205600e+002 -2.7500600e+002
  3.8733000e+003 -2.2111500e+002 -2.9087100e+002
  3.8719900e+003 -2.2101700e+002 -3.0778000e+002
  3.8706200e+003 -2.2091500e+002 -3.2468400e+002
  3.8681800e+003 -2.2075200e+002 -3.4149400e+002
  3.8676500e+003 -2.2069800e+002 -3.5847200e+002
  3.8700000e+003 -2.2080900e+002 -3.7574000e+002
  3.8683300e+003 -2.2069000e+002 -3.9263400e+002
  3.8695500e+003 -2.2073600e+002 -4.0983500e+002
  3.8697000e+003 -2.2072200e+002 -4.2694400e+002
  3.8658400e+003 -2.2047800e+002 -4.4361000e+002
  3.8638700e+003 -2.2034200e+002 -4.6048600e+002
  3.8638000e+003 -2.2031500e+002 -4.7759600e+002
  3.8695600e+003 -2.2062000e+002 -4.9547000e+002
  3.8673700e+003 -2.2047100e+002 -5.1236100e+002
  3.8690300e+003 -2.2054300e+002 -5.2978100e+002
  3.8676700e+003 -2.2044200e+002 -5.4680900e+002
  3.8701700e+003 -2.2056000e+002 -5.6440700e+002
  3.8676800e+003 -2.2039500e+002 -5.8130000e+002
  3.8651100e+003 -2.2022500e+002 -5.9818200e+002
  3.8624700e+003 -2.2005100e+002 -6.1505300e+002
  3.8578000e+003 -2.1976200e+002 -6.3159100e+002
  3.8550200e+003 -2.1958000e+002 -6.4843000e+002
  3.8541200e+003 -2.1950500e+002 -6.6559400e+002
  3.8580200e+003 -2.1970400e+002 -6.8362700e+002
  3.8559900e+003 -2.1956500e+002 -7.0064400e+002
  3.8597300e+003 -2.1975500e+002 -7.1874500e+002
  3.8526700e+003 -2.1932900e+002 -7.3484700e+002
  3.8533300e+003 -2.1934400e+002 -7.5242300e+002
  3.8500200e+003 -2.1913200e+002 -7.6924100e+002
  3.8553900e+003 -2.1941400e+002 -7.8783200e+002
  3.8548400e+003 -2.1935900e+002 -8.0526700e+002
  3.8580900e+003 -2.1952100e+002 -8.2354100e+002
  3.8544700e+003 -2.1929100e+002 -8.4037800e+002
  3.8440000e+003 -2.1867200e+002 -8.5569100e+002
  3.8354000e+003 -2.1816000e+002 -8.7136800e+002
  3.8219100e+003 -2.1736900e+002 -8.8586600e+002
  3.7948400e+003 -2.1580700e+002 -8.9706700e+002
  3.7793300e+003 -2.1490200e+002 -9.1083800e+002
  3.7666600e+003 -2.1415800e+002 -9.2520100e+002
  3.7394900e+003 -2.1259100e+002 -9.3585700e+002
  3.6805800e+003 -2.0922000e+002 -9.3820600e+002
  3.6534100e+003 -2.0765300e+002 -9.4828500e+002
  3.6070400e+003 -2.0499600e+002 -9.5307500e+002
  3.4965000e+003 -1.9869200e+002 -9.4021400e+002
  3.9339100e+003 -1.6439000e+002  3.4127000e+002
  3.9353600e+003 -1.6443100e+002  3.2410300e+002
  3.9248500e+003 -1.6397300e+002  3.0600300e+002
  3.9241700e+003 -1.6392400e+002  2.8873000e+002
  3.9234100e+003 -1.6387300e+002  2.7146900e+002
  3.9146500e+003 -1.6348700e+002  2.5370600e+002
  3.9157200e+003 -1.6351200e+002  2.3662400e+002
  3.9167100e+003 -1.6353300e+002  2.1953700e+002
  3.9225900e+003 -1.6375900e+002  2.0270200e+002
  3.9234300e+003 -1.6377500e+002  1.8558600e+002
  3.9242100e+003 -1.6378700e+002  1.6846600e+002
  3.9149800e+003 -1.6338200e+002  1.5096000e+002
  3.9156000e+003 -1.6338800e+002  1.3387700e+002
  3.9161500e+003 -1.6339100e+002  1.1679200e+002
  3.9136400e+003 -1.6326700e+002  9.9628800e+001
  3.9140400e+003 -1.6326400e+002  8.2552300e+001
  3.9143600e+003 -1.6325800e+002  6.5474300e+001
  3.9066700e+003 -1.6291700e+002  4.8296900e+001
  3.9048600e+003 -1.6282200e+002  3.1235500e+001
  3.9009900e+003 -1.6264100e+002  1.4183600e+001
  3.9010100e+003 -1.6262200e+002 -2.8367300e+000
  3.8960000e+003 -1.6239300e+002 -1.9831800e+001
  3.8958800e+003 -1.6236900e+002 -3.6830100e+001
  3.8956800e+003 -1.6234100e+002 -5.3827700e+001
  3.8993800e+003 -1.6247500e+002 -7.0896400e+001
  3.8990400e+003 -1.6244100e+002 -8.7909000e+001
  3.8986200e+003 -1.6240400e+002 -1.0492000e+002
  3.8941500e+003 -1.6219800e+002 -1.2180500e+002
  3.8935900e+003 -1.6215500e+002 -1.3879400e+002
  3.8929500e+003 -1.6210900e+002 -1.5578000e+002
  3.8922300e+003 -1.6205900e+002 -1.7276400e+002
  3.8894600e+003 -1.6192400e+002 -1.8964800e+002
  3.8796700e+003 -1.6149700e+002 -2.0614200e+002
  3.8827100e+003 -1.6160400e+002 -2.2329500e+002
  3.8817000e+003 -1.6154200e+002 -2.4023300e+002
  3.8806100e+003 -1.6147800e+002 -2.5716700e+002
  3.8794600e+003 -1.6141000e+002 -2.7409600e+002
  3.8802100e+003 -1.6142200e+002 -2.9116800e+002
  3.8789000e+003 -1.6134800e+002 -3.0809500e+002
  3.8765400e+003 -1.6123000e+002 -3.2493300e+002
  3.8760800e+003 -1.6119100e+002 -3.4193000e+002
  3.8745500e+003 -1.6110800e+002 -3.5883900e+002
  3.8828300e+003 -1.6143300e+002 -3.7669900e+002
  3.8811600e+003 -1.6134400e+002 -3.9363600e+002
  3.8794100e+003 -1.6125100e+002 -4.1056600e+002
  3.8696900e+003 -1.6082800e+002 -4.2661800e+002
  3.8648300e+003 -1.6060600e+002 -4.4315800e+002
  3.8628700e+003 -1.6050500e+002 -4.6001600e+002
  3.8637800e+003 -1.6052400e+002 -4.7723100e+002
  3.8665900e+003 -1.6062100e+002 -4.9471400e+002
  3.8663700e+003 -1.6059200e+002 -5.1184000e+002
  3.8700100e+003 -1.6072400e+002 -5.2951200e+002
  3.8686500e+003 -1.6064800e+002 -5.4653100e+002
  3.8701600e+003 -1.6069100e+002 -5.6397700e+002
  3.8696300e+003 -1.6065000e+002 -5.8115300e+002
  3.8700100e+003 -1.6064600e+002 -5.9848600e+002
  3.8712900e+003 -1.6067900e+002 -6.1598900e+002
  3.8685700e+003 -1.6054700e+002 -6.3287400e+002
  3.8657800e+003 -1.6041200e+002 -6.4974600e+002
  3.8648700e+003 -1.6035400e+002 -6.6694400e+002
  3.8619300e+003 -1.6021300e+002 -6.8380000e+002
  3.8520800e+003 -1.5978500e+002 -6.9940200e+002
  3.8489900e+003 -1.5963700e+002 -7.1620200e+002
  3.8526700e+003 -1.5977000e+002 -7.3429000e+002
  3.8523600e+003 -1.5973800e+002 -7.5166300e+002
  3.8490500e+003 -1.5958100e+002 -7.6846300e+002
  3.8456600e+003 -1.5942200e+002 -7.8524900e+002
  3.8422100e+003 -1.5925900e+002 -8.0202100e+002
  3.8445100e+003 -1.5933500e+002 -8.2001900e+002
  3.8409000e+003 -1.5916600e+002 -8.3678500e+002
  3.8411000e+003 -1.5915500e+002 -8.5439800e+002
  3.8373400e+003 -1.5898000e+002 -8.7114800e+002
  3.8335100e+003 -1.5880100e+002 -8.8788200e+002
  3.8044800e+003 -1.5758000e+002 -8.9866500e+002
  3.7657800e+003 -1.5595800e+002 -9.0688600e+002
  3.7540800e+003 -1.5545400e+002 -9.2141400e+002
  3.7317300e+003 -1.5451000e+002 -9.3320800e+002
  3.6968400e+003 -1.5304700e+002 -9.4163700e+002
  3.6802100e+003 -1.5234000e+002 -9.5451700e+002
  3.5992100e+003 -1.4896900e+002 -9.5028600e+002
  3.9393600e+003 -8.6440200e+001  3.4152700e+002
  3.9368500e+003 -8.6360800e+001  3.2402100e+002
  3.9382300e+003 -8.6366600e+001  3.0685200e+002
  3.9266500e+003 -8.6088400e+001  2.8873000e+002
  3.9219200e+003 -8.5960500e+001  2.7119500e+002
  3.9191000e+003 -8.5874500e+001  2.5383500e+002
  3.9191800e+003 -8.5852000e+001  2.3668400e+002
  3.9162100e+003 -8.5762600e+001  2.1937000e+002
  3.9151400e+003 -8.5715100e+001  2.0219000e+002
  3.9179700e+003 -8.5752800e+001  1.8521100e+002
  3.9187400e+003 -8.5745500e+001  1.6812500e+002
  3.9174500e+003 -8.5693000e+001  1.5096000e+002
  3.9071500e+003 -8.5443500e+001  1.3350400e+002
  3.9067000e+003 -8.5409600e+001  1.1643700e+002
  3.9071700e+003 -8.5395700e+001  9.9401400e+001
  3.9045900e+003 -8.5315100e+001  8.2301100e+001
  3.9049100e+003 -8.5298000e+001  6.5275100e+001
  3.8992000e+003 -8.5149100e+001  4.8174200e+001
  3.8934100e+003 -8.4998700e+001  3.1124300e+001
  3.8935100e+003 -8.4976800e+001  1.4147500e+001
  3.8995000e+003 -8.5083300e+001 -2.8338500e+000
  3.9024300e+003 -8.5123200e+001 -1.9852000e+001
  3.9023100e+003 -8.5096400e+001 -3.6867600e+001
  3.9021100e+003 -8.5067900e+001 -5.3882500e+001
  3.9008400e+003 -8.5016300e+001 -7.0878400e+001
  3.9005000e+003 -8.4984600e+001 -8.7886600e+001
  3.8971000e+003 -8.4886500e+001 -1.0481300e+002
  3.8966100e+003 -8.4851600e+001 -1.2180500e+002
  3.8960400e+003 -8.4815200e+001 -1.3879400e+002
  3.8993700e+003 -8.4863600e+001 -1.5593900e+002
  3.8986500e+003 -8.4823900e+001 -1.7294000e+002
  3.8978600e+003 -8.4782600e+001 -1.8993800e+002
  3.8970000e+003 -8.4739700e+001 -2.0693200e+002
  3.8960600e+003 -8.4695200e+001 -2.2392200e+002
  3.8851300e+003 -8.4433600e+001 -2.4029500e+002
  3.8840500e+003 -8.4386100e+001 -2.5723300e+002
  3.8858600e+003 -8.4401500e+001 -2.7437600e+002
  3.8846300e+003 -8.4350700e+001 -2.9131700e+002
  3.8833300e+003 -8.4298300e+001 -3.0825200e+002
  3.8819500e+003 -8.4244400e+001 -3.2518200e+002
  3.8725700e+003 -8.4017100e+001 -3.4140700e+002
  3.8710500e+003 -8.3960100e+001 -3.5828900e+002
  3.8694500e+003 -8.3901500e+001 -3.7516500e+002
  3.8747000e+003 -8.3991400e+001 -3.9273500e+002
  3.8749300e+003 -8.3972300e+001 -4.0983500e+002
  3.8731100e+003 -8.3908900e+001 -4.2672700e+002
  3.8692400e+003 -8.3801100e+001 -4.4338400e+002
  3.8662800e+003 -8.3713200e+001 -4.6013400e+002
  3.8642400e+003 -8.3645100e+001 -4.7698700e+002
  3.8621200e+003 -8.3575500e+001 -4.9383200e+002
  3.8609200e+003 -8.3525600e+001 -5.1079800e+002
  3.8685000e+003 -8.3665700e+001 -5.2897400e+002
  3.8750100e+003 -8.3782600e+001 -5.4708600e+002
  3.8725900e+003 -8.3706300e+001 -5.6397700e+002
  3.8701000e+003 -8.3628400e+001 -5.8085800e+002
  3.8675300e+003 -8.3549100e+001 -5.9772700e+002
  3.8658700e+003 -8.3489300e+001 -6.1474100e+002
  3.8562900e+003 -8.3258600e+001 -6.3046900e+002
  3.8603700e+003 -8.3322700e+001 -6.4843000e+002
  3.8604400e+003 -8.3300400e+001 -6.6576200e+002
  3.8614200e+003 -8.3297600e+001 -6.8328100e+002
  3.8701300e+003 -8.3461700e+001 -7.0224000e+002
  3.8670400e+003 -8.3371000e+001 -7.1910800e+002
  3.8648400e+003 -8.3299800e+001 -7.3614900e+002
  3.8616000e+003 -8.3206000e+001 -7.5299400e+002
  3.8553600e+003 -8.3047700e+001 -7.6924100e+002
  3.8519700e+003 -8.2950900e+001 -7.8604400e+002
  3.8543400e+003 -8.2978200e+001 -8.0405000e+002
  3.8527500e+003 -8.2920000e+001 -8.2126200e+002
  3.8539800e+003 -8.2922800e+001 -8.3911000e+002
  3.8502900e+003 -8.2819600e+001 -8.5590700e+002
  3.8465200e+003 -8.2714800e+001 -8.7268700e+002
  3.8388100e+003 -8.2525200e+001 -8.8855400e+002
  3.7875200e+003 -8.1399200e+001 -8.9409900e+002
  3.7372300e+003 -8.0295200e+001 -8.9944700e+002
  3.6252000e+003 -7.7865900e+001 -8.8922500e+002
  3.5943000e+003 -7.7180000e+001 -8.9827800e+002
  3.5393200e+003 -7.5977600e+001 -9.0095200e+002
  3.5094000e+003 -7.5313400e+001 -9.0964500e+002
  3.4909900e+003 -7.4896800e+001 -9.2113700e+002
  3.9590800e+003 -1.6813900e+001  3.4315800e+002
  3.9357800e+003 -1.6691300e+001  3.2385800e+002
  3.9272500e+003 -1.6631400e+001  3.0592600e+002
  3.9285500e+003 -1.6613300e+001  2.8880300e+002
  3.9248100e+003 -1.6573800e+001  2.7133200e+002
  3.9229800e+003 -1.6542500e+001  2.5402700e+002
  3.9260400e+003 -1.6531700e+001  2.3704300e+002
  3.9250500e+003 -1.6503900e+001  2.1981500e+002
  3.9229900e+003 -1.6471700e+001  2.0254900e+002
  3.9159000e+003 -1.6418300e+001  1.8507000e+002
  3.9166700e+003 -1.6397900e+001  1.6799700e+002
  3.9133900e+003 -1.6360700e+001  1.5076900e+002
  3.9140100e+003 -1.6339700e+001  1.3370800e+002
  3.9145600e+003 -1.6318400e+001  1.1664400e+002
  3.9150300e+003 -1.6296800e+001  9.9578200e+001
  3.9094600e+003 -1.6250100e+001  8.2384800e+001
  3.9087900e+003 -1.6223700e+001  6.5324900e+001
  3.9090400e+003 -1.6201200e+001  4.8284600e+001
  3.9102100e+003 -1.6182500e+001  3.1251400e+001
  3.9093100e+003 -1.6155300e+001  1.4201700e+001
  3.9093400e+003 -1.6131800e+001 -2.8403400e+000
  3.9033300e+003 -1.6083500e+001 -1.9852000e+001
  3.9032000e+003 -1.6059500e+001 -3.6867600e+001
  3.9030000e+003 -1.6035200e+001 -5.3882500e+001
  3.9067100e+003 -1.6026900e+001 -7.0968600e+001
  3.9063600e+003 -1.6001900e+001 -8.7998500e+001
  3.9059400e+003 -1.5976700e+001 -1.0502700e+002
  3.8875700e+003 -1.5878100e+001 -1.2149400e+002
  3.8870000e+003 -1.5852400e+001 -1.3844000e+002
  3.8863600e+003 -1.5826400e+001 -1.5538300e+002
  3.8955700e+003 -1.5840400e+001 -1.7276400e+002
  3.9007400e+003 -1.5838000e+001 -1.9003500e+002
  3.8998700e+003 -1.5811000e+001 -2.0703700e+002
  3.8989300e+003 -1.5783700e+001 -2.2403600e+002
  3.8909800e+003 -1.5728000e+001 -2.4060100e+002
  3.8879100e+003 -1.5692200e+001 -2.5743000e+002
  3.8867500e+003 -1.5664100e+001 -2.7437600e+002
  3.8875000e+003 -1.5643700e+001 -2.9146500e+002
  3.8861900e+003 -1.5615100e+001 -3.0840900e+002
  3.8838200e+003 -1.5582200e+001 -3.2526500e+002
  3.8823600e+003 -1.5552900e+001 -3.4219200e+002
  3.8788600e+003 -1.5515500e+001 -3.5893000e+002
  3.8772500e+003 -1.5485800e+001 -3.7583600e+002
  3.8775600e+003 -1.5463600e+001 -3.9293500e+002
  3.8876700e+003 -1.5480500e+001 -4.1108900e+002
  3.8858400e+003 -1.5449900e+001 -4.2803200e+002
  3.8839300e+003 -1.5418900e+001 -4.4496800e+002
  3.8681400e+003 -1.5332900e+001 -4.6025100e+002
  3.8661000e+003 -1.5301500e+001 -4.7710900e+002
  3.8639800e+003 -1.5269900e+001 -4.9395800e+002
  3.8706600e+003 -1.5273000e+001 -5.1197000e+002
  3.8683900e+003 -1.5240700e+001 -5.2883900e+002
  3.8660500e+003 -1.5208200e+001 -5.4569700e+002
  3.8636300e+003 -1.5175400e+001 -5.6254600e+002
  3.8601600e+003 -1.5138600e+001 -5.7923500e+002
  3.8576000e+003 -1.5105300e+001 -5.9605800e+002
  3.8549700e+003 -1.5071800e+001 -6.1286800e+002
  3.8522600e+003 -1.5038000e+001 -6.2966800e+002
  3.8573200e+003 -1.5034500e+001 -6.4777100e+002
  3.8622900e+003 -1.5030600e+001 -6.6593100e+002
  3.8632700e+003 -1.5011100e+001 -6.8345400e+002
  3.8602500e+003 -1.4976200e+001 -7.0028900e+002
  3.8571600e+003 -1.4941000e+001 -7.1711000e+002
  3.8540000e+003 -1.4905500e+001 -7.3391800e+002
  3.8585600e+003 -1.4899900e+001 -7.5223300e+002
  3.8630400e+003 -1.4894000e+001 -7.7060200e+002
  3.8606200e+003 -1.4861400e+001 -7.8763300e+002
  3.8620200e+003 -1.4843500e+001 -8.0547000e+002
  3.8584700e+003 -1.4806600e+001 -8.2229800e+002
  3.8548500e+003 -1.4769500e+001 -8.3911000e+002
  3.8511500e+003 -1.4732200e+001 -8.5590700e+002
  3.8473900e+003 -1.4694600e+001 -8.7268700e+002
  3.8319300e+003 -1.4612500e+001 -8.8676200e+002
  3.8135200e+003 -1.4519300e+001 -9.0003400e+002
  3.8018300e+003 -1.4451900e+001 -9.1479000e+002
  3.7119100e+003 -1.4087700e+001 -9.1029000e+002
  3.6905500e+003 -1.3984500e+001 -9.2212700e+002
  3.6287100e+003 -1.3728300e+001 -9.2350100e+002
  3.6034900e+003 -1.3611200e+001 -9.3382600e+002
  3.5667200e+003 -1.3450800e+001 -9.4090800e+002
  3.9261100e+003  5.1680000e+001  3.4032600e+002
  3.9275600e+003  5.1723500e+001  3.2320600e+002
  3.9289300e+003  5.1766000e+001  3.0608100e+002
  3.9302200e+003  5.1807500e+001  2.8894900e+002
  3.9314400e+003  5.1848000e+001  2.7181200e+002
  3.9325900e+003  5.1887600e+001  2.5466900e+002
  3.9207700e+003  5.1756000e+001  2.3674400e+002
  3.9217600e+003  5.1793600e+001  2.1964800e+002
  3.9127600e+003  5.1699000e+001  2.0203600e+002
  3.9116200e+003  5.1708200e+001  1.8488200e+002
  3.9094100e+003  5.1703300e+001  1.6769900e+002
  3.9101000e+003  5.1736800e+001  1.5065400e+002
  3.9107200e+003  5.1769300e+001  1.3360600e+002
  3.9212000e+003  5.1932400e+001  1.1685100e+002
  3.9216700e+003  5.1963000e+001  9.9755100e+001
  3.9220700e+003  5.1992700e+001  8.2657000e+001
  3.9124600e+003  5.1889600e+001  6.5391300e+001
  3.9037600e+003  5.1798600e+001  4.8223300e+001
  3.8949900e+003  5.1706400e+001  3.1132300e+001
  3.8950900e+003  5.1732000e+001  1.4151200e+001
  3.8951100e+003  5.1756500e+001 -2.8302400e+000
  3.9020200e+003  5.1872500e+001 -1.9847000e+001
  3.9078600e+003  5.1974400e+001 -3.6914500e+001
  3.9076600e+003  5.1996100e+001 -5.3951100e+001
  3.9014300e+003  5.1937400e+001 -7.0878400e+001
  3.8981000e+003  5.1917400e+001 -8.7819400e+001
  3.8976800e+003  5.1936000e+001 -1.0481300e+002
  3.8971800e+003  5.1953700e+001 -1.2180500e+002
  3.8986000e+003  5.1996800e+001 -1.3886500e+002
  3.8979600e+003  5.2012500e+001 -1.5586000e+002
  3.8972400e+003  5.2027200e+001 -1.7285200e+002
  3.8944700e+003  5.2014300e+001 -1.8974400e+002
  3.8826900e+003  5.1881200e+001 -2.0614200e+002
  3.8758000e+003  5.1813200e+001 -2.2272500e+002
  3.8747900e+003  5.1823900e+001 -2.3962000e+002
  3.8737100e+003  5.1833500e+001 -2.5651000e+002
  3.8844500e+003  5.2001300e+001 -2.7423600e+002
  3.8980800e+003  5.2208100e+001 -2.9228300e+002
  3.8967700e+003  5.2214700e+001 -3.0927400e+002
  3.8953800e+003  5.2220400e+001 -3.2626000e+002
  3.8840300e+003  5.2092300e+001 -3.4236700e+002
  3.8706200e+003  5.1936600e+001 -3.5819800e+002
  3.8690200e+003  5.1939200e+001 -3.7506900e+002
  3.8792200e+003  5.2100200e+001 -3.9313500e+002
  3.8833900e+003  5.2180400e+001 -4.1067100e+002
  3.8815700e+003  5.2180000e+001 -4.2759700e+002
  3.8796700e+003  5.2178600e+001 -4.4451500e+002
  3.8638800e+003  5.1990300e+001 -4.5978100e+002
  3.8618400e+003  5.1986800e+001 -4.7662200e+002
  3.8597200e+003  5.1982400e+001 -4.9345400e+002
  3.8654100e+003  5.2083100e+001 -5.1131900e+002
  3.8670900e+003  5.2129700e+001 -5.2870400e+002
  3.8647400e+003  5.2122100e+001 -5.4555900e+002
  3.8652800e+003  5.2153400e+001 -5.6283200e+002
  3.8686800e+003  5.2223400e+001 -5.8056300e+002
  3.8661200e+003  5.2212800e+001 -5.9742300e+002
  3.8634800e+003  5.2201100e+001 -6.1427300e+002
  3.8597800e+003  5.2175200e+001 -6.3095000e+002
  3.8618900e+003  5.2227800e+001 -6.4859400e+002
  3.8551100e+003  5.2160100e+001 -6.6474900e+002
  3.8521800e+003  5.2144300e+001 -6.8155000e+002
  3.8491700e+003  5.2127500e+001 -6.9833800e+002
  3.8558600e+003  5.2242100e+001 -7.1692900e+002
  3.8527000e+003  5.2223200e+001 -7.3373200e+002
  3.8514100e+003  5.2229800e+001 -7.5090200e+002
  3.8490800e+003  5.2222000e+001 -7.6788000e+002
  3.8554300e+003  5.2332200e+001 -7.8664000e+002
  3.8607200e+003  5.2428000e+001 -8.0526700e+002
  3.8581400e+003  5.2417000e+001 -8.2229800e+002
  3.8545200e+003  5.2391800e+001 -8.3911000e+002
  3.8411300e+003  5.2233600e+001 -8.5375100e+002
  3.8354300e+003  5.2180000e+001 -8.7004900e+002
  3.8267600e+003  5.2085800e+001 -8.8564200e+002
  3.8131900e+003  5.1924900e+001 -9.0003400e+002
  3.7812200e+003  5.1513000e+001 -9.0990800e+002
  3.7530900e+003  5.1153100e+001 -9.2046700e+002
  3.7403600e+003  5.1003000e+001 -9.3465300e+002
  3.7121800e+003  5.0641700e+001 -9.4482300e+002
  3.7022500e+003  5.0529400e+001 -9.5950300e+002
  3.6567200e+003  4.9930700e+001 -9.6473500e+002
  3.5958600e+003  4.9122000e+001 -9.6546600e+002
  3.9414200e+003  1.2105000e+002  3.4178500e+002
  3.9359400e+003  1.2090600e+002  3.2402100e+002
  3.9353400e+003  1.2091200e+002  3.0669800e+002
  3.9316800e+003  1.2082300e+002  2.8916700e+002
  3.9289400e+003  1.2076300e+002  2.7174300e+002
  3.9290900e+003  1.2079200e+002  2.5454100e+002
  3.9301700e+003  1.2084900e+002  2.3740200e+002
  3.9262000e+003  1.2075100e+002  2.1998200e+002
  3.9261300e+003  1.2077300e+002  2.0280500e+002
  3.9101100e+003  1.2030400e+002  1.8488200e+002
  3.9108800e+003  1.2035200e+002  1.6782700e+002
  3.9115700e+003  1.2039700e+002  1.5076900e+002
  3.9121900e+003  1.2044000e+002  1.3370800e+002
  3.9127400e+003  1.2048000e+002  1.1664400e+002
  3.9132100e+003  1.2051900e+002  9.9578200e+001
  3.9136000e+003  1.2055500e+002  8.2510500e+001
  3.9139200e+003  1.2058900e+002  6.5441100e+001
  3.9141700e+003  1.2062000e+002  4.8370600e+001
  3.9143400e+003  1.2065000e+002  3.1299100e+001
  3.9104700e+003  1.2055400e+002  1.4212500e+001
  3.9104900e+003  1.2057900e+002 -2.8425100e+000
  3.9104400e+003  1.2060100e+002 -1.9897500e+001
  3.9103200e+003  1.2062100e+002 -3.6952100e+001
  3.9031700e+003  1.2042500e+002 -5.3910000e+001
  3.9028900e+003  1.2044000e+002 -7.0932500e+001
  3.9025500e+003  1.2045300e+002 -8.7953700e+001
  3.9011300e+003  1.2043400e+002 -1.0494700e+002
  3.9016300e+003  1.2047300e+002 -1.2199100e+002
  3.8970900e+003  1.2035600e+002 -1.3886500e+002
  3.8964500e+003  1.2036000e+002 -1.5586000e+002
  3.8927500e+003  1.2027000e+002 -1.7272000e+002
  3.8919600e+003  1.2027000e+002 -1.8969600e+002
  3.8831600e+003  1.2002100e+002 -2.0624700e+002
  3.8822300e+003  1.2001600e+002 -2.2318100e+002
  3.8812200e+003  1.2000900e+002 -2.4011100e+002
  3.8850900e+003  1.2015200e+002 -2.5736400e+002
  3.8958200e+003  1.2050800e+002 -2.7514500e+002
  3.8945800e+003  1.2049400e+002 -2.9213400e+002
  3.8932700e+003  1.2047700e+002 -3.0911700e+002
  3.8918900e+003  1.2045800e+002 -3.2609400e+002
  3.8844900e+003  1.2025300e+002 -3.4254100e+002
  3.8809900e+003  1.2016800e+002 -3.5929700e+002
  3.8704800e+003  1.1986600e+002 -3.7535700e+002
  3.8777100e+003  1.2011400e+002 -3.9313500e+002
  3.8759600e+003  1.2008300e+002 -4.1004400e+002
  3.8800500e+003  1.2023400e+002 -4.2759700e+002
  3.8781500e+003  1.2019900e+002 -4.4451500e+002
  3.8761800e+003  1.2016100e+002 -4.6142500e+002
  3.8741300e+003  1.2012200e+002 -4.7832600e+002
  3.8720100e+003  1.2007900e+002 -4.9521800e+002
  3.8855700e+003  1.2052400e+002 -5.1418600e+002
  3.8832900e+003  1.2047700e+002 -5.3112700e+002
  3.8809400e+003  1.2042800e+002 -5.4805900e+002
  3.8716300e+003  1.2016300e+002 -5.6397700e+002
  3.8691400e+003  1.2010900e+002 -5.8085800e+002
  3.8665700e+003  1.2005300e+002 -5.9772700e+002
  3.8639300e+003  1.1999400e+002 -6.1458500e+002
  3.8690600e+003  1.2017700e+002 -6.3271300e+002
  3.8662600e+003  1.2011400e+002 -6.4958200e+002
  3.8633900e+003  1.2004900e+002 -6.6643800e+002
  3.8614300e+003  1.2001100e+002 -6.8345400e+002
  3.8584100e+003  1.1994100e+002 -7.0028900e+002
  3.8611800e+003  1.2005100e+002 -7.1820000e+002
  3.8668000e+003  1.2024900e+002 -7.3670600e+002
  3.8635500e+003  1.2017200e+002 -7.5356400e+002
  3.8602300e+003  1.2009200e+002 -7.7040700e+002
  3.8558600e+003  1.1998000e+002 -7.8703700e+002
  3.8524000e+003  1.1989600e+002 -8.0384700e+002
  3.8488600e+003  1.1980900e+002 -8.2064100e+002
  3.8520400e+003  1.1993200e+002 -8.3889900e+002
  3.8483500e+003  1.1984000e+002 -8.5569100e+002
  3.8445800e+003  1.1974600e+002 -8.7246700e+002
  3.8204200e+003  1.1901700e+002 -8.8452200e+002
  3.8001000e+003  1.1840700e+002 -8.9729500e+002
  3.7691100e+003  1.1746500e+002 -9.0735100e+002
  3.7313600e+003  1.1631100e+002 -9.1549700e+002
  3.7013100e+003  1.1539700e+002 -9.2525800e+002
  3.6510400e+003  1.1385200e+002 -9.2962800e+002
  3.6354200e+003  1.1338700e+002 -9.4255100e+002
  3.5669300e+003  1.1127300e+002 -9.4141500e+002
  3.9416100e+003  1.9131100e+002  3.4204200e+002
  3.9351500e+003  1.9102200e+002  3.2418400e+002
  3.9305800e+003  1.9082500e+002  3.0654400e+002
  3.9259400e+003  1.9062400e+002  2.8894900e+002
  3.9241900e+003  1.9056300e+002  2.7160600e+002
  3.9233500e+003  1.9054700e+002  2.5434800e+002
  3.9264000e+003  1.9072000e+002  2.3734300e+002
  3.9214500e+003  1.9050400e+002  2.1987000e+002
  3.9194000e+003  1.9042800e+002  2.0260000e+002
  3.9202400e+003  1.9049400e+002  1.8549200e+002
  3.9210100e+003  1.9055600e+002  1.6838100e+002
  3.9177400e+003  1.9042100e+002  1.5111300e+002
  3.9183600e+003  1.9047600e+002  1.3401300e+002
  3.9189000e+003  1.9052600e+002  1.1691000e+002
  3.9203600e+003  1.9062200e+002  9.9830900e+001
  3.9207600e+003  1.9066600e+002  8.2719800e+001
  3.9210800e+003  1.9070600e+002  6.5607200e+001
  3.9143800e+003  1.9040400e+002  4.8407400e+001
  3.9145500e+003  1.9043700e+002  3.1322900e+001
  3.9087000e+003  1.9017700e+002  1.4216100e+001
  3.9047500e+003  1.9000900e+002 -2.8403400e+000
  3.9047000e+003  1.9003100e+002 -1.9882300e+001
  3.9045700e+003  1.9004900e+002 -3.6923900e+001
  3.9043800e+003  1.9006400e+002 -5.3964800e+001
  3.9011200e+003  1.8993000e+002 -7.0950600e+001
  3.9007800e+003  1.8993700e+002 -8.7976100e+001
  3.8993600e+003  1.8989300e+002 -1.0497300e+002
  3.8988700e+003  1.8989300e+002 -1.2199100e+002
  3.8983000e+003  1.8988900e+002 -1.3900600e+002
  3.8986500e+003  1.8993100e+002 -1.5605800e+002
  3.8979300e+003  1.8992000e+002 -1.7307200e+002
  3.8991200e+003  1.9000200e+002 -1.9018000e+002
  3.8962700e+003  1.8988800e+002 -2.0709000e+002
  3.8923600e+003  1.8972100e+002 -2.2392200e+002
  3.8913500e+003  1.8969600e+002 -2.4090800e+002
  3.8952100e+003  1.8990900e+002 -2.5821700e+002
  3.8891000e+003  1.8963500e+002 -2.7486600e+002
  3.8878600e+003  1.8959900e+002 -2.9183700e+002
  3.8885300e+003  1.8965600e+002 -3.0896000e+002
  3.8851700e+003  1.8951600e+002 -3.2576200e+002
  3.8837200e+003  1.8946900e+002 -3.4271600e+002
  3.8841600e+003  1.8951500e+002 -3.5984600e+002
  3.8825600e+003  1.8946100e+002 -3.7679500e+002
  3.8808800e+003  1.8940400e+002 -3.9373600e+002
  3.8811000e+003  1.8943900e+002 -4.1088000e+002
  3.8792700e+003  1.8937400e+002 -4.2781500e+002
  3.8744100e+003  1.8916100e+002 -4.4440200e+002
  3.8704700e+003  1.8899200e+002 -4.6107300e+002
  3.8684200e+003  1.8891600e+002 -4.7796100e+002
  3.8663100e+003  1.8883700e+002 -4.9484000e+002
  3.8719800e+003  1.8913900e+002 -5.1275200e+002
  3.8775800e+003  1.8943600e+002 -5.3072300e+002
  3.8752300e+003  1.8934500e+002 -5.4764200e+002
  3.8728100e+003  1.8925100e+002 -5.6455000e+002
  3.8693300e+003  1.8910500e+002 -5.8130000e+002
  3.8667600e+003  1.8900400e+002 -5.9818200e+002
  3.8641200e+003  1.8889900e+002 -6.1505300e+002
  3.8790400e+003  1.8965200e+002 -6.3479700e+002
  3.8762400e+003  1.8953900e+002 -6.5172100e+002
  3.8733600e+003  1.8942300e+002 -6.6863300e+002
  3.8694300e+003  1.8925500e+002 -6.8535800e+002
  3.8654300e+003  1.8908400e+002 -7.0206300e+002
  3.8603900e+003  1.8886100e+002 -7.1856300e+002
  3.8572200e+003  1.8873000e+002 -7.3540500e+002
  3.8539800e+003  1.8859500e+002 -7.5223300e+002
  3.8506700e+003  1.8845700e+002 -7.6904600e+002
  3.8570100e+003  1.8879200e+002 -7.8783200e+002
  3.8545100e+003  1.8869300e+002 -8.0486100e+002
  3.8587300e+003  1.8892400e+002 -8.2333300e+002
  3.8551100e+003  1.8877100e+002 -8.4016700e+002
  3.8514200e+003  1.8861400e+002 -8.5698500e+002
  3.8447400e+003  1.8831100e+002 -8.7312700e+002
  3.8128600e+003  1.8677300e+002 -8.8340100e+002
  3.7693700e+003  1.8466600e+002 -8.9067600e+002
  3.7374700e+003  1.8312700e+002 -9.0037700e+002
  3.6361500e+003  1.7818500e+002 -8.9277500e+002
  3.6168200e+003  1.7726000e+002 -9.0478200e+002
  3.5522500e+003  1.7411800e+002 -9.0511900e+002
  3.4800500e+003  1.7060100e+002 -9.0291500e+002
  3.4664900e+003  1.6995800e+002 -9.1556000e+002
  3.9425600e+003  2.6118600e+002  3.4247100e+002
  3.9390700e+003  2.6098000e+002  3.2483600e+002
  3.9374800e+003  2.6089900e+002  3.0739300e+002
  3.9387700e+003  2.6101000e+002  2.9018700e+002
  3.9271400e+003  2.6026300e+002  2.7208600e+002
  3.9164100e+003  2.5957700e+002  2.5415600e+002
  3.9155000e+003  2.5954100e+002  2.3692300e+002
  3.9155000e+003  2.5956600e+002  2.1975900e+002
  3.9174000e+003  2.5971700e+002  2.0270200e+002
  3.9192400e+003  2.5986300e+002  1.8563300e+002
  3.9170300e+003  2.5974100e+002  1.6838100e+002
  3.9177300e+003  2.5981200e+002  1.5126600e+002
  3.9183500e+003  2.5987800e+002  1.3414900e+002
  3.9188900e+003  2.5993800e+002  1.1702900e+002
  3.9193600e+003  2.5999400e+002  9.9906700e+001
  3.9177700e+003  2.5991400e+002  8.2740800e+001
  3.9101600e+003  2.5943300e+002  6.5490900e+001
  3.9104100e+003  2.5947400e+002  4.8407400e+001
  3.9105800e+003  2.5951000e+002  3.1322900e+001
  3.9037400e+003  2.5908100e+002  1.4212500e+001
  3.9037600e+003  2.5910700e+002 -2.8425100e+000
  3.9027200e+003  2.5906200e+002 -1.9892400e+001
  3.8966400e+003  2.5868300e+002 -3.6886400e+001
  3.8964500e+003  2.5869500e+002 -5.3910000e+001
  3.8961700e+003  2.5870100e+002 -7.0932500e+001
  3.9017700e+003  2.5909700e+002 -8.8088000e+001
  3.9013500e+003  2.5909400e+002 -1.0513400e+002
  3.9008600e+003  2.5908500e+002 -1.2217700e+002
  3.9002900e+003  2.5907200e+002 -1.3921800e+002
  3.8996400e+003  2.5905400e+002 -1.5625700e+002
  3.8989200e+003  2.5903100e+002 -1.7329200e+002
  3.9030800e+003  2.5933100e+002 -1.9056600e+002
  3.9032000e+003  2.5936400e+002 -2.0766900e+002
  3.9022600e+003  2.5932600e+002 -2.2472000e+002
  3.9012500e+003  2.5928300e+002 -2.4176700e+002
  3.8991700e+003  2.5916900e+002 -2.5874300e+002
  3.8960200e+003  2.5898500e+002 -2.7563500e+002
  3.8947900e+003  2.5892700e+002 -2.9265400e+002
  3.8934800e+003  2.5886400e+002 -3.0966700e+002
  3.8891300e+003  2.5860000e+002 -3.2642600e+002
  3.8876700e+003  2.5852700e+002 -3.4341400e+002
  3.8861300e+003  2.5845000e+002 -3.6039500e+002
  3.8845300e+003  2.5836700e+002 -3.7737000e+002
  3.8848200e+003  2.5841100e+002 -3.9453800e+002
  3.8830700e+003  2.5831900e+002 -4.1150700e+002
  3.8812400e+003  2.5822200e+002 -4.2846700e+002
  3.8773700e+003  2.5798800e+002 -4.4519400e+002
  3.8753900e+003  2.5788100e+002 -4.6213000e+002
  3.8674400e+003  2.5737600e+002 -4.7832600e+002
  3.8653200e+003  2.5726000e+002 -4.9521800e+002
  3.8700100e+003  2.5759600e+002 -5.1301300e+002
  3.8765800e+003  2.5805800e+002 -5.3112700e+002
  3.8781600e+003  2.5818700e+002 -5.4861400e+002
  3.8757300e+003  2.5805000e+002 -5.6555200e+002
  3.8732400e+003  2.5790800e+002 -5.8248000e+002
  3.8706600e+003  2.5776100e+002 -5.9939600e+002
  3.8680200e+003  2.5760900e+002 -6.1630100e+002
  3.8701900e+003  2.5777900e+002 -6.3399600e+002
  3.8752200e+003  2.5813800e+002 -6.5221500e+002
  3.8733200e+003  2.5803600e+002 -6.6930800e+002
  3.8752500e+003  2.5818900e+002 -6.8709000e+002
  3.8702700e+003  2.5788100e+002 -7.0365900e+002
  3.8691200e+003  2.5782900e+002 -7.2092500e+002
  3.8669200e+003  2.5770700e+002 -7.3800800e+002
  3.8627000e+003  2.5745000e+002 -7.5470500e+002
  3.8652200e+003  2.5764200e+002 -7.7274000e+002
  3.8657000e+003  2.5769800e+002 -7.9041400e+002
  3.8651400e+003  2.5768500e+002 -8.0790400e+002
  3.8596500e+003  2.5734300e+002 -8.2436900e+002
  3.8560200e+003  2.5712600e+002 -8.4122400e+002
  3.8523300e+003  2.5690300e+002 -8.5806300e+002
  3.8427500e+003  2.5628900e+002 -8.7356600e+002
  3.8089700e+003  2.5406000e+002 -8.8340100e+002
  3.8012300e+003  2.5356700e+002 -8.9912100e+002
  3.7847500e+003  2.5249200e+002 -9.1269800e+002
  3.7422200e+003  2.4967800e+002 -9.1975700e+002
  3.7372200e+003  2.4936800e+002 -9.3585700e+002
  3.7081300e+003  2.4745000e+002 -9.4580400e+002
  3.6713400e+003  2.4501900e+002 -9.5352000e+002
  3.6019700e+003  2.4041100e+002 -9.5231400e+002
  3.9612500e+003  3.2984900e+002  3.4453100e+002
  3.9321100e+003  3.2744600e+002  3.2467300e+002
  3.9216400e+003  3.2659700e+002  3.0654400e+002
  3.9229300e+003  3.2672800e+002  2.8938600e+002
  3.9241500e+003  3.2685400e+002  2.7222300e+002
  3.9223200e+003  3.2672500e+002  2.5486200e+002
  3.9233900e+003  3.2683800e+002  2.3770200e+002
  3.9313100e+003  3.2752100e+002  2.2092600e+002
  3.9253000e+003  3.2704400e+002  2.0336800e+002
  3.9192200e+003  3.2656100e+002  1.8586700e+002
  3.9199900e+003  3.2664900e+002  1.6872100e+002
  3.9206900e+003  3.2673000e+002  1.5157200e+002
  3.9213100e+003  3.2680600e+002  1.3442000e+002
  3.9228400e+003  3.2695700e+002  1.1729500e+002
  3.9233100e+003  3.2702000e+002  1.0013400e+002
  3.9098500e+003  3.2592100e+002  8.2678000e+001
  3.9101700e+003  3.2597100e+002  6.5574000e+001
  3.9054600e+003  3.2560200e+002  4.8407400e+001
  3.9056300e+003  3.2564000e+002  3.1322900e+001
  3.9057300e+003  3.2567200e+002  1.4237800e+001
  3.9067400e+003  3.2578000e+002 -2.8482900e+000
  3.9116400e+003  3.2621200e+002 -1.9963200e+001
  3.9115200e+003  3.2622500e+002 -3.7074100e+001
  3.9123100e+003  3.2631400e+002 -5.4198000e+001
  3.9110400e+003  3.2623200e+002 -7.1293500e+001
  3.9067300e+003  3.2589600e+002 -8.8311800e+001
  3.9053200e+003  3.2580200e+002 -1.0537400e+002
  3.9058100e+003  3.2586600e+002 -1.2248700e+002
  3.9052400e+003  3.2584200e+002 -1.3957200e+002
  3.9046000e+003  3.2581200e+002 -1.5665400e+002
  3.9028900e+003  3.2569300e+002 -1.7368900e+002
  3.8922000e+003  3.2482500e+002 -1.9027600e+002
  3.8913400e+003  3.2477600e+002 -2.0730100e+002
  3.8904000e+003  3.2472100e+002 -2.2432100e+002
  3.8923500e+003  3.2490700e+002 -2.4152100e+002
  3.8912600e+003  3.2484000e+002 -2.5854600e+002
  3.8960300e+003  3.2526100e+002 -2.7598500e+002
  3.9007100e+003  3.2567500e+002 -2.9347100e+002
  3.8994000e+003  3.2558900e+002 -3.1053200e+002
  3.8990000e+003  3.2557900e+002 -3.2767000e+002
  3.8975400e+003  3.2548000e+002 -3.4472200e+002
  3.8871200e+003  3.2463400e+002 -3.6094500e+002
  3.8855200e+003  3.2452400e+002 -3.7794500e+002
  3.8838400e+003  3.2440700e+002 -3.9493900e+002
  3.8820800e+003  3.2428300e+002 -4.1192500e+002
  3.8851800e+003  3.2456500e+002 -4.2944700e+002
  3.8832700e+003  3.2442900e+002 -4.4643800e+002
  3.8812900e+003  3.2428700e+002 -4.6342100e+002
  3.8713800e+003  3.2348200e+002 -4.7942200e+002
  3.8692600e+003  3.2332800e+002 -4.9635200e+002
  3.8670600e+003  3.2316800e+002 -5.1327300e+002
  3.8795100e+003  3.2423200e+002 -5.3220400e+002
  3.8771600e+003  3.2405900e+002 -5.4917000e+002
  3.8767000e+003  3.2404300e+002 -5.6641100e+002
  3.8722400e+003  3.2369400e+002 -5.8307000e+002
  3.8735800e+003  3.2382900e+002 -6.0061000e+002
  3.8709300e+003  3.2363100e+002 -6.1754900e+002
  3.8701700e+003  3.2359000e+002 -6.3479700e+002
  3.8673700e+003  3.2338000e+002 -6.5172100e+002
  3.8645000e+003  3.2316300e+002 -6.6863300e+002
  3.8635100e+003  3.2310300e+002 -6.8587800e+002
  3.8604900e+003  3.2287400e+002 -7.0277200e+002
  3.8690800e+003  3.2361600e+002 -7.2183300e+002
  3.8659100e+003  3.2337400e+002 -7.3875100e+002
  3.8626600e+003  3.2312500e+002 -7.5565600e+002
  3.8573900e+003  3.2270800e+002 -7.7215700e+002
  3.8540000e+003  3.2244700e+002 -7.8902400e+002
  3.8505400e+003  3.2218000e+002 -8.0587600e+002
  3.8721800e+003  3.2401500e+002 -8.2809700e+002
  3.8685400e+003  3.2373400e+002 -8.4502800e+002
  3.8648300e+003  3.2344600e+002 -8.6194300e+002
  3.8330400e+003  3.2080900e+002 -8.7246700e+002
  3.8060600e+003  3.1857400e+002 -8.8385000e+002
  3.7954400e+003  3.1770700e+002 -8.9889300e+002
  3.7847500e+003  3.1683600e+002 -9.1386000e+002
  3.7528500e+003  3.1418800e+002 -9.2354400e+002
  3.7295900e+003  3.1226300e+002 -9.3513500e+002
  3.7197300e+003  3.1146000e+002 -9.4997000e+002
  3.6925600e+003  3.0920700e+002 -9.6025100e+002
  3.6653700e+003  3.0695200e+002 -9.7031100e+002
  3.9346700e+003  3.9686100e+002  3.2540700e+002
  3.9330900e+003  3.9672500e+002  3.0793300e+002
  3.9294500e+003  3.9638200e+002  2.9033300e+002
  3.9237700e+003  3.9583300e+002  2.7263400e+002
  3.9249100e+003  3.9597200e+002  2.5544000e+002
  3.9319000e+003  3.9670200e+002  2.3860000e+002
  3.9230200e+003  3.9583000e+002  2.2081500e+002
  3.9318400e+003  3.9674400e+002  2.0403500e+002
  3.9326900e+003  3.9685400e+002  1.8680600e+002
  3.9255500e+003  3.9615800e+002  1.6923200e+002
  3.9232800e+003  3.9595300e+002  1.5191700e+002
  3.9219300e+003  3.9584000e+002  1.3465800e+002
  3.9214800e+003  3.9582000e+002  1.1744300e+002
  3.9229400e+003  3.9599100e+002  1.0028600e+002
  3.9223500e+003  3.9595500e+002  8.3075700e+001
  3.9226700e+003  3.9601200e+002  6.5889500e+001
  3.9229100e+003  3.9606100e+002  4.8701900e+001
  3.9191300e+003  3.9570300e+002  3.1481700e+001
  3.9152700e+003  3.9533700e+002  1.4295600e+001
  3.9153000e+003  3.9536400e+002 -2.8591200e+000
  3.9152400e+003  3.9538200e+002 -2.0013700e+001
  3.9072100e+003  3.9459500e+002 -3.7092900e+001
  3.9070100e+003  3.9459900e+002 -5.4211800e+001
  3.9067300e+003  3.9459500e+002 -7.1329600e+001
  3.9133000e+003  3.9528300e+002 -8.8602800e+001
  3.9128800e+003  3.9526400e+002 -1.0574800e+002
  3.9123800e+003  3.9523800e+002 -1.2289100e+002
  3.9048900e+003  3.9450500e+002 -1.3978400e+002
  3.9042500e+003  3.9446400e+002 -1.5689200e+002
  3.9035300e+003  3.9441500e+002 -1.7399700e+002
  3.9027300e+003  3.9435900e+002 -1.9109800e+002
  3.9068000e+003  3.9479400e+002 -2.0846000e+002
  3.9058600e+003  3.9472300e+002 -2.2557500e+002
  3.8999100e+003  3.9414500e+002 -2.4238000e+002
  3.8978300e+003  3.9395900e+002 -2.5939900e+002
  3.8956800e+003  3.9376600e+002 -2.7640500e+002
  3.8914800e+003  3.9336600e+002 -2.9324800e+002
  3.8872100e+003  3.9295800e+002 -3.1006000e+002
  3.8878000e+003  3.9304100e+002 -3.2725500e+002
  3.8863400e+003  3.9291800e+002 -3.4428600e+002
  3.8848100e+003  3.9278700e+002 -3.6131100e+002
  3.8832000e+003  3.9264800e+002 -3.7832900e+002
  3.8815200e+003  3.9250200e+002 -3.9533900e+002
  3.8787800e+003  3.9224900e+002 -4.1223800e+002
  3.8789200e+003  3.9228700e+002 -4.2944700e+002
  3.8770200e+003  3.9211900e+002 -4.4643800e+002
  3.8750500e+003  3.9194300e+002 -4.6342100e+002
  3.8828100e+003  3.9275200e+002 -4.8161200e+002
  3.8806800e+003  3.9256000e+002 -4.9862000e+002
  3.8696600e+003  3.9146900e+002 -5.1444600e+002
  3.8713100e+003  3.9166000e+002 -5.3193500e+002
  3.8689600e+003  3.9144600e+002 -5.4889200e+002
  3.8665400e+003  3.9122500e+002 -5.6583900e+002
  3.8748000e+003  3.9208500e+002 -5.8439700e+002
  3.8732000e+003  3.9194700e+002 -6.0152000e+002
  3.8705600e+003  3.9170300e+002 -6.1848500e+002
  3.8678400e+003  3.9145100e+002 -6.3543800e+002
  3.8650400e+003  3.9119200e+002 -6.5237900e+002
  3.8660700e+003  3.9132000e+002 -6.6998400e+002
  3.8631200e+003  3.9104600e+002 -6.8691700e+002
  3.8678900e+003  3.9155200e+002 -7.0525500e+002
  3.8647900e+003  3.9126200e+002 -7.2219600e+002
  3.8616200e+003  3.9096400e+002 -7.3912300e+002
  3.8525500e+003  3.9007000e+002 -7.5489500e+002
  3.8492400e+003  3.8975800e+002 -7.7176800e+002
  3.8458500e+003  3.8943900e+002 -7.8862600e+002
  3.8675600e+003  3.9166100e+002 -8.1074500e+002
  3.8678700e+003  3.9171600e+002 -8.2851200e+002
  3.8642400e+003  3.9137200e+002 -8.4545100e+002
  3.8605300e+003  3.9102100e+002 -8.6237500e+002
  3.8490400e+003  3.8988000e+002 -8.7752300e+002
  3.8047400e+003  3.8541600e+002 -8.8497000e+002
  3.7922000e+003  3.8417000e+002 -8.9957800e+002
  3.6882900e+003  3.7366600e+002 -8.9200800e+002
  3.6728600e+003  3.7212500e+002 -9.0532000e+002
  3.6219000e+003  3.6698400e+002 -9.0960000e+002
  3.5585100e+003  3.6058300e+002 -9.1026600e+002
  3.5545300e+003  3.6020200e+002 -9.2584900e+002
  3.5179800e+003  3.5651900e+002 -9.3279700e+002
  3.9361900e+003  4.6493300e+002  3.2614000e+002
  3.9355900e+003  4.6488600e+002  3.0870400e+002
  3.9368900e+003  4.6506200e+002  2.9142600e+002
  3.9381100e+003  4.6523000e+002  2.7414200e+002
  3.9372900e+003  4.6515600e+002  2.5672400e+002
  3.9383600e+003  4.6530600e+002  2.3943900e+002
  3.9344300e+003  4.6486400e+002  2.2187100e+002
  3.9333800e+003  4.6476300e+002  2.0449600e+002
  3.9342200e+003  4.6488600e+002  1.8722800e+002
  3.9310500e+003  4.6453500e+002  1.6978600e+002
  3.9228700e+003  4.6359100e+002  1.5218400e+002
  3.9215100e+003  4.6345400e+002  1.3489500e+002
  3.9191000e+003  4.6319200e+002  1.1759100e+002
  3.9195700e+003  4.6327000e+002  1.0038700e+002
  3.9199600e+003  4.6334000e+002  8.3180400e+001
  3.9222600e+003  4.6363400e+002  6.6005700e+001
  3.9225000e+003  4.6368700e+002  4.8787900e+001
  3.9236600e+003  4.6384700e+002  3.1577000e+001
  3.9237600e+003  4.6388100e+002  1.4353300e+001
  3.9237800e+003  4.6390700e+002 -2.8706700e+000
  3.9207700e+003  4.6357400e+002 -2.0079400e+001
  3.9147200e+003  4.6288200e+002 -3.7233700e+001
  3.9115600e+003  4.6253100e+002 -5.4376400e+001
  3.9112800e+003  4.6252200e+002 -7.1546200e+001
  3.9030400e+003  4.6157000e+002 -8.8535600e+001
  3.9105100e+003  4.6247600e+002 -1.0588100e+002
  3.9100100e+003  4.6244000e+002 -1.2304600e+002
  3.9094400e+003  4.6239600e+002 -1.4020900e+002
  3.9038600e+003  4.6175900e+002 -1.5717000e+002
  3.9031400e+003  4.6169700e+002 -1.7430500e+002
  3.9023500e+003  4.6162600e+002 -1.9143700e+002
  3.9044300e+003  4.6189600e+002 -2.0872300e+002
  3.9034900e+003  4.6180700e+002 -2.2586000e+002
  3.9113400e+003  4.6275900e+002 -2.4354500e+002
  3.9132000e+003  4.6300200e+002 -2.6090900e+002
  3.9090700e+003  4.6253700e+002 -2.7787500e+002
  3.9078300e+003  4.6241300e+002 -2.9503200e+002
  3.8947100e+003  4.6088300e+002 -3.1123900e+002
  3.8874200e+003  4.6004400e+002 -3.2783500e+002
  3.8859600e+003  4.5989400e+002 -3.4489700e+002
  3.8864000e+003  4.5996800e+002 -3.6213500e+002
  3.8847900e+003  4.5980100e+002 -3.7919200e+002
  3.8831100e+003  4.5962500e+002 -3.9624100e+002
  3.8823300e+003  4.5955600e+002 -4.1338800e+002
  3.8814900e+003  4.5947900e+002 -4.3053500e+002
  3.8795800e+003  4.5927600e+002 -4.4756900e+002
  3.8776000e+003  4.5906500e+002 -4.6459500e+002
  3.8755500e+003  4.5884500e+002 -4.8161200e+002
  3.8802800e+003  4.5942800e+002 -4.9950200e+002
  3.8829700e+003  4.5976900e+002 -5.1718300e+002
  3.8816700e+003  4.5963800e+002 -5.3435700e+002
  3.8793200e+003  4.5938200e+002 -5.5139200e+002
  3.8768900e+003  4.5911800e+002 -5.6841600e+002
  3.8763400e+003  4.5907500e+002 -5.8572400e+002
  3.8718200e+003  4.5856200e+002 -6.0243100e+002
  3.8691700e+003  4.5827200e+002 -6.1942100e+002
  3.8732700e+003  4.5878000e+002 -6.3752200e+002
  3.8704700e+003  4.5847100e+002 -6.5451900e+002
  3.8685700e+003  4.5826900e+002 -6.7167200e+002
  3.8704800e+003  4.5851800e+002 -6.8951300e+002
  3.8684300e+003  4.5829700e+002 -7.0667500e+002
  3.8663000e+003  4.5806800e+002 -7.2383100e+002
  3.8689400e+003  4.5840400e+002 -7.4191200e+002
  3.8705300e+003  4.5861500e+002 -7.5983900e+002
  3.8672000e+003  4.5824400e+002 -7.7682200e+002
  3.8638000e+003  4.5786300e+002 -7.9379100e+002
  3.8603300e+003  4.5747400e+002 -8.1074500e+002
  3.8567800e+003  4.5707600e+002 -8.2768300e+002
  3.8512300e+003  4.5644100e+002 -8.4418300e+002
  3.8475300e+003  4.5602600e+002 -8.6108100e+002
  3.8408800e+003  4.5526000e+002 -8.7730300e+002
  3.8312700e+003  4.5414400e+002 -8.9281100e+002
  3.7860700e+003  4.4880800e+002 -8.9980600e+002
  3.7380000e+003  4.4313200e+002 -9.0572400e+002
  3.6736600e+003  4.3552700e+002 -9.0721300e+002
  3.5892800e+003  4.2554300e+002 -9.0309600e+002
  3.5614200e+003  4.2226200e+002 -9.1271700e+002
  3.5306900e+003  4.1863900e+002 -9.2136200e+002
  3.4675000e+003  4.1116700e+002 -9.2113700e+002
  3.9913900e+003  5.4787600e+002  1.2004800e+002
  3.9918700e+003  5.4796700e+002  1.0248400e+002
  3.9834100e+003  5.4683100e+002  8.4729700e+001
  3.9837400e+003  5.4690000e+002  6.7201300e+001
  3.9830000e+003  5.4682500e+002  4.9659300e+001
  3.9802200e+003  5.4646800e+002  3.2109100e+001
  3.9704700e+003  5.4515500e+002  1.4559100e+001
  3.9705000e+003  5.4518200e+002 -2.9118200e+000
  3.9655200e+003  5.4452400e+002 -2.0357400e+001
  3.9653900e+003  5.4453100e+002 -3.7806200e+001
  3.9671600e+003  5.4479900e+002 -5.5281700e+001
  3.9668800e+003  5.4478500e+002 -7.2737400e+001
  3.9724300e+003  5.4557200e+002 -9.0326000e+001
  3.9739600e+003  5.4580800e+002 -1.0785800e+002
  3.9734600e+003  5.4576400e+002 -1.2534300e+002
  3.9709100e+003  5.4543800e+002 -1.4275500e+002
  3.9702500e+003  5.4537300e+002 -1.6022700e+002
  3.9606600e+003  5.4408100e+002 -1.7729900e+002
  3.9578900e+003  5.4372500e+002 -1.9462800e+002
  3.9570100e+003  5.4362900e+002 -2.1204200e+002
  3.9462200e+003  5.4217200e+002 -2.2888200e+002
  3.9451900e+003  5.4205500e+002 -2.4624400e+002
  3.9539100e+003  5.4327800e+002 -2.6425800e+002
  3.9429100e+003  5.4179100e+002 -2.8095300e+002
  3.9416600e+003  5.4164300e+002 -2.9830100e+002
  3.9393500e+003  5.4135100e+002 -3.1556300e+002
  3.9320600e+003  5.4037400e+002 -3.3239700e+002
  3.9305800e+003  5.4019500e+002 -3.4969600e+002
  3.9290300e+003  5.4000700e+002 -3.6698800e+002
  3.9274000e+003  5.3980800e+002 -3.8427300e+002
  3.9257000e+003  5.3959900e+002 -4.0155100e+002
  3.9258900e+003  5.3964900e+002 -4.1903000e+002
  3.9240400e+003  5.3941900e+002 -4.3630100e+002
  3.9191800e+003  5.3877600e+002 -4.5322500e+002
  3.9201100e+003  5.3892900e+002 -4.7081800e+002
  3.9180400e+003  5.3866900e+002 -4.8806300e+002
  3.9266300e+003  5.3987500e+002 -5.0668500e+002
  3.9117100e+003  5.3784900e+002 -5.2226500e+002
  3.9133200e+003  5.3809400e+002 -5.4001100e+002
  3.9109500e+003  5.3779200e+002 -5.5722500e+002
  3.9085000e+003  5.3748000e+002 -5.7442900e+002
  3.9059800e+003  5.3715800e+002 -5.9162200e+002
  3.9082500e+003  5.3749500e+002 -6.0956300e+002
  3.9055800e+003  5.3715200e+002 -6.2675500e+002
  3.9125400e+003  5.3813500e+002 -6.4553800e+002
  3.9106900e+003  5.3790400e+002 -6.6291200e+002
  3.9097200e+003  5.3779600e+002 -6.8045200e+002
  3.9067500e+003  5.3741100e+002 -6.9765000e+002
  3.9036900e+003  5.3701500e+002 -7.1483400e+002
  3.8899200e+003  5.3514500e+002 -7.3000700e+002
  3.8847900e+003  5.3446400e+002 -7.4674500e+002
  3.8815300e+003  5.3403900e+002 -7.6383200e+002
  3.8752900e+003  5.3320500e+002 -7.8032200e+002
  3.8747700e+003  5.3315900e+002 -7.9796300e+002
  3.8751400e+003  5.3323400e+002 -8.1581700e+002
  3.8715800e+003  5.3276800e+002 -8.3286100e+002
  3.8602500e+003  5.3123300e+002 -8.4819900e+002
  3.8411700e+003  5.2863100e+002 -8.6172800e+002
  3.8239700e+003  5.2628800e+002 -8.7554500e+002
  3.8096000e+003  5.2433400e+002 -8.8989900e+002
  3.7875100e+003  5.2131800e+002 -9.0231700e+002
  3.7232700e+003  5.1250000e+002 -9.0432900e+002
  3.6610000e+003  5.0395200e+002 -9.0626600e+002
  3.6446400e+003  5.0172100e+002 -9.1923600e+002
  3.5480900e+003  4.8845300e+002 -9.1149100e+002
  3.4716900e+003  4.7795700e+002 -9.0815000e+002
  4.3440700e+003  6.7979800e+002 -9.3704700e+002
  4.3399900e+003  6.7919200e+002 -9.5620500e+002
  4.3358200e+003  6.7857300e+002 -9.7534600e+002
  4.3109300e+003  8.2587400e+002 -8.7557800e+002
  4.3033100e+003  8.2444200e+002 -8.9390900e+002
  4.2879700e+003  8.2153100e+002 -9.1056600e+002
  4.2477500e+003  8.1385200e+002 -9.2171900e+002
  4.1541200e+003  7.9593800e+002 -9.2069600e+002
  4.1501300e+003  7.9520100e+002 -9.3912600e+002
  4.1422600e+003  7.9371900e+002 -9.5665800e+002
  4.1381200e+003  7.9295200e+002 -9.7503500e+002
  4.1757000e+003  8.0017900e+002 -1.0034400e+003
  4.1713600e+003  7.9937300e+002 -1.0219600e+003
  3.7631300e+003  7.2116800e+002 -9.3963900e+002
  3.3520100e+003  6.4242300e+002 -8.6860000e+002
  4.2352600e+003  8.8690900e+002  7.2315700e+001
  4.0040600e+003  8.3851800e+002  5.0530700e+001
  3.9983900e+003  8.3735700e+002  3.2649200e+001
  3.9984900e+003  8.3740300e+002  1.4840700e+001
  3.9985100e+003  8.3743300e+002 -2.9681400e+000
  4.0023400e+003  8.3826200e+002 -2.0797100e+001
  4.0022100e+003  8.3826000e+002 -3.8622800e+001
  4.0049200e+003  8.3885300e+002 -5.6488900e+001
  4.0017200e+003  8.3820800e+002 -7.4271600e+001
  4.0013600e+003  8.3815800e+002 -9.2094000e+001
  4.0019000e+003  8.3829600e+002 -1.0994100e+002
  3.9974900e+003  8.3740000e+002 -1.2764000e+002
  3.9969100e+003  8.3730200e+002 -1.4544300e+002
  3.9991600e+003  8.3780000e+002 -1.6336300e+002
  3.9993900e+003  8.3787400e+002 -1.8121700e+002
  4.0005200e+003  8.3813600e+002 -1.9912500e+002
  4.0035100e+003  8.3878800e+002 -2.1715200e+002
  4.0025400e+003  8.3861100e+002 -2.3498100e+002
  4.0014900e+003  8.3841700e+002 -2.5280600e+002
  4.0003700e+003  8.3820800e+002 -2.7062600e+002
  3.9982000e+003  8.3777900e+002 -2.8837100e+002
  3.9969300e+003  8.3753800e+002 -3.0617600e+002
  3.9955800e+003  8.3728100e+002 -3.2397500e+002
  3.9941600e+003  8.3700800e+002 -3.4176800e+002
  4.0033100e+003  8.3895200e+002 -3.6051500e+002
  4.0056000e+003  8.3945800e+002 -3.7870800e+002
  4.0058800e+003  8.3954200e+002 -3.9673700e+002
  4.0041500e+003  8.3920400e+002 -4.1457500e+002
  4.0023300e+003  8.3885000e+002 -4.3240600e+002
  3.9985100e+003  8.3807400e+002 -4.5001100e+002
  3.9965500e+003  8.3768800e+002 -4.6781600e+002
  3.9945100e+003  8.3728700e+002 -4.8561200e+002
  4.0001200e+003  8.3848800e+002 -5.0437200e+002
  3.9998500e+003  8.3845800e+002 -5.2243600e+002
  3.9975800e+003  8.3800700e+002 -5.4024700e+002
  3.9952300e+003  8.3754000e+002 -5.5804700e+002
  3.9928100e+003  8.3705800e+002 -5.7583600e+002
  3.9903100e+003  8.3655900e+002 -5.9361500e+002
  3.9915800e+003  8.3685100e+002 -6.1197200e+002
  3.9927700e+003  8.3712700e+002 -6.3035200e+002
  3.9948400e+003  8.3758600e+002 -6.4891000e+002
  3.9920300e+003  8.3702200e+002 -6.6669700e+002
  3.9891400e+003  8.3644200e+002 -6.8447200e+002
  3.9861800e+003  8.3584700e+002 -7.0223300e+002
  3.9917600e+003  8.3704200e+002 -7.2153900e+002
  3.9857700e+003  8.3581100e+002 -7.3878000e+002
  3.9825700e+003  8.3516700e+002 -7.5652600e+002
  3.9793000e+003  8.3450600e+002 -7.7425700e+002
  3.9435000e+003  8.2702300e+002 -7.8550900e+002
  3.9401000e+003  8.2633700e+002 -8.0306600e+002
  3.9366300e+003  8.2563500e+002 -8.2060900e+002
  3.9292800e+003  8.2411800e+002 -8.3732300e+002
  3.9256700e+003  8.2338500e+002 -8.5481700e+002
  3.9058200e+003  8.1924800e+002 -8.6870100e+002
  3.8650500e+003  8.1072000e+002 -8.7768200e+002
  3.8090900e+003  7.9900800e+002 -8.8279900e+002
  3.8033900e+003  7.9783600e+002 -8.9930800e+002
  3.7398800e+003  7.8453700e+002 -9.0186000e+002
  3.6688600e+003  7.6966100e+002 -9.0200400e+002
  3.5960100e+003  7.5440300e+002 -9.0105900e+002
  3.5185300e+003  7.3817100e+002 -8.9827800e+002
  3.4486900e+003  7.2354000e+002 -8.9678600e+002
  3.4099900e+003  7.1544300e+002 -9.0291500e+002
  3.6523500e+003  8.3181500e+002  6.2601600e+001
  3.6525800e+003  8.3189000e+002  4.6271800e+001
  3.6527300e+003  8.3194900e+002  2.9941000e+001
  3.6567000e+003  8.3287500e+002  1.3624100e+001
  3.6576800e+003  8.3312300e+002 -2.7255500e+000
  3.6673200e+003  8.3534200e+002 -1.9129300e+001
  3.6672000e+003  8.3533800e+002 -3.5525400e+001
  3.6747600e+003  8.3708300e+002 -5.2030700e+001
  3.6725600e+003  8.3660600e+002 -6.8423700e+001
  3.6722300e+003  8.3655400e+002 -8.4842900e+001
  3.6728000e+003  8.3670700e+002 -1.0128700e+002
  3.6723300e+003  8.3662300e+002 -1.1770700e+002
  3.6717900e+003  8.3652400e+002 -1.3412500e+002
  3.6711800e+003  8.3640800e+002 -1.5054000e+002
  3.6705000e+003  8.3627700e+002 -1.6695200e+002
  3.6736200e+003  8.3701200e+002 -1.8355500e+002
  3.6728000e+003  8.3684800e+002 -1.9997800e+002
  3.6670700e+003  8.3556700e+002 -2.1611200e+002
  3.6728800e+003  8.3691500e+002 -2.3293500e+002
  3.6718500e+003  8.3670300e+002 -2.4935400e+002
  3.6707500e+003  8.3647600e+002 -2.6576900e+002
  3.6724800e+003  8.3689400e+002 -2.8240100e+002
  3.6760700e+003  8.3773500e+002 -2.9921100e+002
  3.6795900e+003  8.3856000e+002 -3.1605900e+002
  3.6791700e+003  8.3848800e+002 -3.3259500e+002
  3.6777200e+003  8.3818100e+002 -3.4904100e+002
  3.6752300e+003  8.3763700e+002 -3.6538500e+002
  3.6736300e+003  8.3729700e+002 -3.8181400e+002
  3.6729300e+003  8.3716200e+002 -3.9834000e+002
  3.6712000e+003  8.3679000e+002 -4.1475800e+002
  3.6742100e+003  8.3750000e+002 -4.3173400e+002
  3.6723400e+003  8.3709600e+002 -4.4815800e+002
  3.6742400e+003  8.3755300e+002 -4.6506000e+002
  3.6760700e+003  8.3799300e+002 -4.8198700e+002
  3.6739800e+003  8.3754000e+002 -4.9841900e+002
  3.6718200e+003  8.3707200e+002 -5.1484100e+002
  3.6724700e+003  8.3724400e+002 -5.3167000e+002
  3.6720900e+003  8.3718000e+002 -5.4837100e+002
  3.6716300e+003  8.3710000e+002 -5.6507900e+002
  3.6758900e+003  8.3809500e+002 -5.8255200e+002
  3.6743300e+003  8.3776300e+002 -5.9913800e+002
  3.6717500e+003  8.3719700e+002 -6.1556100e+002
  3.6757800e+003  8.3814000e+002 -6.3312400e+002
  3.6787800e+003  8.3884700e+002 -6.5056600e+002
  3.6788400e+003  8.3888300e+002 -6.6752800e+002
  3.6731000e+003  8.3759900e+002 -6.8343800e+002
  3.6730100e+003  8.3760200e+002 -7.0039900e+002
  3.6709500e+003  8.3715500e+002 -7.1700100e+002
  3.6707100e+003  8.3712500e+002 -7.3397900e+002
  3.6675500e+003  8.3642800e+002 -7.5038400e+002
  3.6643200e+003  8.3571500e+002 -7.6677500e+002
  3.6562800e+003  8.3390400e+002 -7.8213800e+002
  3.6320700e+003  8.2840600e+002 -7.9392100e+002
  3.6087800e+003  8.2311600e+002 -8.0571500e+002
  3.6015300e+003  8.2148600e+002 -8.2098100e+002
  3.5913900e+003  8.1919600e+002 -8.3553700e+002
  3.5821300e+003  8.1710800e+002 -8.5024300e+002
  3.5690500e+003  8.1414700e+002 -8.6396900e+002
  3.5578100e+003  8.1160400e+002 -8.7805900e+002
  3.4919300e+003  7.9659900e+002 -8.7833700e+002
  3.4731200e+003  7.9233000e+002 -8.9008800e+002
  3.4411300e+003  7.8505500e+002 -8.9825600e+002
  3.4128900e+003  7.7863400e+002 -9.0715300e+002
  3.3850700e+003  8.3504200e+002  5.8267700e+001
  3.3688800e+003  8.3107000e+002  4.2859700e+001
  3.3690200e+003  8.3112800e+002  2.7733100e+001
  3.3691000e+003  8.3117000e+002  1.2606100e+001
  3.3787700e+003  8.3357700e+002 -2.5284400e+000
  3.3787200e+003  8.3358700e+002 -1.7699000e+001
  3.3930800e+003  8.3715300e+002 -3.3010000e+001
  3.3938700e+003  8.3736900e+002 -4.8258300e+001
  3.3936200e+003  8.3733200e+002 -6.3496300e+001
  3.3923500e+003  8.3704100e+002 -7.8710800e+001
  3.3833000e+003  8.3483000e+002 -9.3701300e+001
  3.3828700e+003  8.3474600e+002 -1.0889200e+002
  3.3823700e+003  8.3464500e+002 -1.2408000e+002
  3.3875900e+003  8.3595600e+002 -1.3950400e+002
  3.3927500e+003  8.3725100e+002 -1.5497700e+002
  3.3920500e+003  8.3710200e+002 -1.7020900e+002
  3.3855200e+003  8.3551100e+002 -1.8512200e+002
  3.3904700e+003  8.3675800e+002 -2.0066300e+002
  3.3924800e+003  8.3727400e+002 -2.1606900e+002
  3.3905600e+003  8.3682400e+002 -2.3123400e+002
  3.3895500e+003  8.3659600e+002 -2.4645500e+002
  3.3942400e+003  8.3777600e+002 -2.6211800e+002
  3.3921300e+003  8.3727900e+002 -2.7727800e+002
  3.3909200e+003  8.3700200e+002 -2.9250600e+002
  3.3925300e+003  8.3742200e+002 -3.0799000e+002
  3.4036700e+003  8.4019600e+002 -3.2441100e+002
  3.4022600e+003  8.3987000e+002 -3.3969100e+002
  3.4007900e+003  8.3952900e+002 -3.5496400e+002
  3.3925300e+003  8.3751300e+002 -3.6949900e+002
  3.3909300e+003  8.3714000e+002 -3.8472900e+002
  3.3892700e+003  8.3675200e+002 -3.9995100e+002
  3.3990300e+003  8.3918500e+002 -4.1657400e+002
  3.3972300e+003  8.3876300e+002 -4.3183200e+002
  3.3953700e+003  8.3832500e+002 -4.4708200e+002
  3.3934400e+003  8.3787100e+002 -4.6232400e+002
  3.3866600e+003  8.3622100e+002 -4.7688400e+002
  3.3846100e+003  8.3573600e+002 -4.9208600e+002
  3.3824900e+003  8.3523500e+002 -5.0727900e+002
  3.3822100e+003  8.3519000e+002 -5.2275700e+002
  3.3914000e+003  8.3748200e+002 -5.3976000e+002
  3.3890800e+003  8.3693100e+002 -5.5498300e+002
  3.3866900e+003  8.3636400e+002 -5.7019500e+002
  3.3842400e+003  8.3578200e+002 -5.8539700e+002
  3.3817300e+003  8.3518300e+002 -6.0058800e+002
  3.3820000e+003  8.3527200e+002 -6.1628600e+002
  3.3803000e+003  8.3487600e+002 -6.3164400e+002
  3.3804400e+003  8.3493200e+002 -6.4736100e+002
  3.3814500e+003  8.3520400e+002 -6.6327700e+002
  3.3786100e+003  8.3452400e+002 -6.7845500e+002
  3.3775900e+003  8.3429600e+002 -6.9400800e+002
  3.3765100e+003  8.3405000e+002 -7.0956500e+002
  3.3744100e+003  8.3355500e+002 -7.2492300e+002
  3.3769700e+003  8.3420900e+002 -7.4131100e+002
  3.3737900e+003  8.3344700e+002 -7.5646700e+002
  3.3705500e+003  8.3266900e+002 -7.7161000e+002
  3.3606700e+003  8.3024900e+002 -7.8519800e+002
  3.3497900e+003  8.2758300e+002 -7.9848900e+002
  3.3463700e+003  8.2676200e+002 -8.1352300e+002
  3.3335100e+003  8.2360700e+002 -8.2621700e+002
  3.3281000e+003  8.2229300e+002 -8.4070500e+002
  4.1806800e+003  1.1060800e+003  5.2730000e+002
  4.1771300e+003  1.1051700e+003  5.0774700e+002
  4.1897300e+003  1.1085300e+003  4.9013500e+002
  4.1774200e+003  1.1053000e+003  4.6962700e+002
  4.1936900e+003  1.1096300e+003  4.5233100e+002
  4.1955500e+003  1.1101500e+003  4.3341700e+002
  4.1973300e+003  1.1106500e+003  4.1449300e+002
  4.1932900e+003  1.1096000e+003  3.9502200e+002
  4.1987300e+003  1.1110700e+003  3.7645200e+002
  4.1964400e+003  1.1104900e+003  3.5718900e+002
  4.1979000e+003  1.1109100e+003  3.3826300e+002
  4.1954500e+003  1.1102800e+003  3.1903900e+002
  4.1900400e+003  1.1088800e+003  2.9963700e+002
  4.1883800e+003  1.1084600e+003  2.8054700e+002
  4.1808800e+003  1.1065100e+003  2.6111900e+002
  4.1819400e+003  1.1068100e+003  2.4226300e+002
  4.1829100e+003  1.1071000e+003  2.2340300e+002
  4.1886000e+003  1.1086300e+003  2.0477300e+002
  4.1894200e+003  1.1088700e+003  1.8588300e+002
  4.1901600e+003  1.1090900e+003  1.6699000e+002
  4.1812100e+003  1.1067500e+003  1.4775400e+002
  4.1817900e+003  1.1069300e+003  1.2889800e+002
  4.1621200e+003  1.1017500e+003  1.0950800e+002
  3.9357300e+003  1.1157500e+003  1.3974700e+002
  3.9104700e+003  1.1086200e+003  1.2111300e+002
  3.9090200e+003  1.1082300e+003  1.0334300e+002
  3.6525800e+003  1.1051500e+003  1.4702000e+002
  3.6331900e+003  1.0993100e+003  1.2967000e+002
  3.6298900e+003  1.0983300e+003  1.1300400e+002
